0,0,0,0,0,0,0,0,0,0,0,0,0,0,0,0,0,0,0,0,0,0,0,0,0,0,0,0,0,0,0,0,0,0,0,0,0,0,0,0,0,0,0,0,0,0,0,0
0,0,0,0,0,0,0,0,0,0,0,0,0,0,0,0,0,0,0,0,0,0,0,0,0,0,0,0,0,0,0,0,0,0,0,0,0,0,0,0,0,0,0,0,0,0,0,0
0,0,0,0,0,0,0,0,0,0,0,0,0,0,0,0,0,0,0,0,0,0,0,0,0,0,0,0,0,0,0,0,0,0,0,0,0,0,0,0,0,0,0,0,0,0,0,0
0,0,0,0,0,0,0,0,0,0,0,0,0,0,0,0,0,0,0,0,0,0,0,0,0,0,0,0,0,0,0,0,0,0,0,0,0,0,0,0,0,0,0,0,0,0,0,0
0,0,0,0,0,0,0,0,0,0,0,0,0,0,0,0,0,0,0,0,0,0,0,0,0,0,0,0,0,0,0,0,0,0,0,0,0,0,0,0,0,0,0,0,0,0,0,0
0,0,0,0,0,0,0,0,0,0,0,0,0,0,0,0,0,0,0,0,0,0,0,0,0,0,0,0,0,0,0,0,0,0,0,0,0,0,0,0,0,0,0,0,0,0,0,0
0,0,0,0,0,0,0,0,0,0,0,0,0,0,0,0,0,0,0,0,0,0,0,0,0,0,0,0,0,0,0,0,0,0,0,0,0,0,0,0,0,0,0,0,0,0,0,0
0,0,0,0,0,0,0,0,0,0,0,0,0,0,0,0,0,0,0,0,0,0,0,0,0,0,0,0,0,0,0,0,0,0,0,0,0,0,0,0,0,0,0,0,0,0,0,0
0,0,0,0,0,0,0,0,0,0,0,0,0,0,0,0,0,0,0,0,0,0,0,0,0,0,0,0,0,0,0,0,0,0,0,0,0,0,0,0,0,0,0,0,0,0,0,0
0,0,0,0,0,0,0,0,0,0,0,0,0,0,0,0,0,0,0,0,0,0,0,0,0,0,0,0,0,0,0,0,0,0,0,0,0,0,0,0,0,0,0,0,0,0,0,0
0,0,0,0,0,0,0,0,0,0,0,0,0,0,0,0,0,0,0,0,0,0,0,0,0,0,0,0,0,0,0,0,0,0,0,0,0,0,0,0,0,0,0,0,0,0,0,0
0,0,0,0,0,0,0,0,0,0,0,0,0,0,0,0,0,0,0,0,0,0,0,0,0,0,0,0,0,0,0,0,0,0,0,0,0,0,0,0,0,0,0,0,0,0,0,0
0,0,0,0,0,0.00052666,0.00079061,0.0011149,0.0014771,0.0018382,0.0021491,0.0023603,0,0,0,0,0,0,0,0,0,0,0,0,0,0,0,0,0,0,0,0,0,0,0,0,0,0,0,0,0,0,0,0,0,0,0,0
0,0,0,0,0,0.00079061,0.0011868,0.0016737,0.0022173,0.0027595,0.0032262,0.0035433,0.0036557,0.0035433,0,0,0,0,0,0,0,0,0,0,0,0,0,0,0,0,0,0,0,0,0,0,0,0,0,0,0,0,0,0,0,0,0,0
0,0,0,0,0,0.0011149,0.0016737,0.0023603,0.0031269,0.0038915,0.0045496,0.0049968,0.0051554,0.0049968,0.0045496,0,0,0,0,0,0,0,0,0,0,0,0,0,0,0,0,0,0,0,0,0,0,0,0,0,0,0,0,0,0,0,0,0
0,0,0,0,0,0.0014771,0.0022173,0.0031269,0.0041425,0.0051554,0.0060273,0.0066197,0.0068298,0.0066197,0.0060273,0.0051554,0.0041425,0,0,0,0,0,0,0,0,0,0,0,0,0,0,0,0,0,0,0,0,0,0,0,0,0,0,0,0,0,0,0
0,0,0,0,0,0.0018382,0.0027595,0.0038915,0.0051554,0.006416,0.0075011,0.0082383,0.0084999,0.0082383,0.0075011,0.006416,0.0051554,0.0038915,0,0,0,0,0,0,0,0,0,0,0,0,0,0,0,0,0,0,0,0,0,0,0,0,0,0,0,0,0,0
0,0,0,0,0,0.0021491,0.0032262,0.0045496,0.0060273,0.0075011,0.0087697,0.0096316,0.0099373,0.0096316,0.0087697,0.0075011,0.0060273,0.0045496,0.0032262,0.0021491,0,0,0,0,0,0,0,0,0,0,0,0,0,0,0,0,0,0,0,0,0,0,0,0,0,0,0,0
0,0,0,0,0,0.0023603,0.0035433,0.0049968,0.0066197,0.0082383,0.0096316,0.010578,0.010914,0.010578,0.0096316,0.0082383,0.0066197,0.0049968,0.0035433,0.0023603,0,0,0,0,0,0,0,0,0,0,0,0,0,0,0,0,0,0,0,0,0,0,0,0,0,0,0,0
0,0,0,0,0,0.0024352,0.0036557,0.0051554,0.0068298,0.0084999,0.010464,0.011705,0.012375,0.012391,0.011776,0.010649,0.0097168,0.0083813,0.007131,0.0060614,0.0036764,0.0036262,0.0034753,0,0,0,0,0,0,0,0,0,0,0,0,0,0,0,0,0,0,0,0,0,0,0,0,0
0,0,0,0,0,0.0023603,0.0035433,0.0049968,0.0066197,0.0082383,0.010422,0.011765,0.012588,0.012796,0.012391,0.011465,0.010954,0.0098394,0.0087603,0.0078038,0.005519,0.0054435,0.005217,0.0048426,0.0043339,0,0,0,0,0,0,0,0,0,0,0,0,0,0,0,0,0,0,0,0,0,0,0
0.0011149,0.0014771,0.0018382,0.0021491,0.0023603,0.0045843,0.0055865,0.0066987,0.0078655,0.0089781,0.011,0.012096,0.012824,0.012759,0.012661,0.012051,0.012139,0.011379,0.010583,0.0098257,0.007783,0.0076766,0.0073571,0.0068291,0.0061117,0.0045496,0,0,0,0,0,0,0,0,0,0,0,0,0,0,0,0,0,0,0,0,0,0
0.0016737,0.0022173,0.0027595,0.0032262,0.0035433,0.005494,0.0063028,0.0071177,0.0079149,0.0086333,0.010652,0.011643,0.012417,0.012381,0.012657,0.012443,0.013252,0.012939,0.012506,0.012008,0.010311,0.01017,0.0097466,0.0090471,0.0080967,0.0060273,0.0051554,0.0041425,0,0,0,0,0,0,0,0,0,0,0,0,0,0,0,0,0,0,0,0
0.0023603,0.0031269,0.0038915,0.0045496,0.0049968,0.0066325,0.0072141,0.0076766,0.008034,0.0082823,0.010226,0.011053,0.011836,0.011775,0.012443,0.012657,0.014219,0.014386,0.014347,0.014134,0.012832,0.012657,0.01213,0.011259,0.010077,0.0075011,0.006416,0.0051554,0.0038915,0,0,0,0,0,0,0,0,0,0,0,0,1,0,0,0,0,0,0
0.0031269,0.0041425,0.0051554,0.0060273,0.0066197,0.0079448,0.0082934,0.0083876,0.0082823,0.008034,0.0098257,0.01044,0.011182,0.011024,0.012051,0.012661,0.014908,0.015524,0.015855,0.015912,0.015002,0.014797,0.014181,0.013164,0.011781,0.0087697,0.0075011,0.0060273,0.0045496,0.0032262,0.0021491,0,0,0,0,0,0,0,0,0,0,0,0,0,0,0,0,0
0.0038915,0.0051554,0.006416,0.0075011,0.0082383,0.0092905,0.0094252,0.0091748,0.0086333,0.0079149,0.009478,0.009846,0.010491,0.010163,0.011465,0.012391,0.015156,0.016131,0.016762,0.017042,0.016477,0.016251,0.015575,0.014457,0.012939,0.0096316,0.0082383,0.0066197,0.0049968,0.0035433,0.0023603,0,0,0,0,0,0,0,0,0,0,0,0,0,0,0,0,0
0.0045496,0.0060273,0.0075011,0.0087697,0.0096316,0.010464,0.010422,0.0098846,0.0089781,0.0078655,0.009134,0.0092422,0.0097398,0.0091901,0.010649,0.011776,0.014826,0.016031,0.01686,0.017294,0.017,0.016767,0.016069,0.014916,0.013349,0.0099373,0.0084999,0.0068298,0.0051554,0.0036557,0.0024352,0,0,0,0,0,0,0,0,0,0,0,0,0,0,0,0,0
0.0049968,0.0066197,0.0082383,0.0096316,0.010578,0.010914,0.010578,0.0096316,0.0082383,0.0066197,0.0073571,0.0070865,0.0073571,0.0066197,0.0082383,0.0096316,0.012939,0.014457,0.015575,0.016251,0.016477,0.016251,0.015575,0.014457,0.012939,0.0096316,0.0082383,0.0066197,0.0049968,0.0035433,0.0023603,0,0,0,0.0014771,0.0022173,0,0,0,0,0,0,0,0,0,0,0,0
0.0051554,0.0068298,0.0084999,0.0099373,0.010914,0.01126,0.010914,0.0099373,0.0084999,0.0068298,0.0073045,0.0068819,0.0069849,0.0060273,0.0075011,0.0087697,0.011781,0.013164,0.014181,0.014797,0.015002,0.014797,0.014181,0.013164,0.011781,0.0087697,0.0075011,0.0060273,0.0045496,0.0032262,0.0021491,0,0,0,0.0011149,0.0016737,0.0023603,0,0,0,0,0,0,0,0,0,0,0
0.0049968,0.0066197,0.0082383,0.0096316,0.010578,0.010914,0.010578,0.0096316,0.0082383,0.0066197,0.006835,0.0063028,0.0062518,0.0051554,0.006416,0.0075011,0.010077,0.011259,0.01213,0.012657,0.012832,0.012657,0.01213,0.011259,0.010077,0.0075011,0.006416,0.0051554,0.0038915,0.0027595,0.0018382,0,0,0,0.00079061,0.0011868,0.0016737,0.0022173,0.0027595,0,0,0,0,0,0,0,0,0
0.0045496,0.0060273,0.0075011,0.0087697,0.0096316,0.0099373,0.0096316,0.0087697,0.0075011,0.0060273,0.0060267,0.0054435,0.005276,0.0041425,0.0051554,0.0060273,0.0080967,0.0090471,0.0097466,0.01017,0.010311,0.01017,0.0097466,0.0090471,0.0080967,0.0060273,0.0051554,0.0041425,0.0031269,0.0022173,0.0014771,0,0,0,0.00052666,0.00079061,0.0011149,0.0014771,0.0018382,0.0021491,0,0,0,0,0,0,0,0
0.0038915,0.0051554,0.006416,0.0075011,0.0082383,0.0084999,0.0082383,0.0075011,0.006416,0.0051554,0.0050065,0.0044332,0.0041985,0.0031269,0.0038915,0.0045496,0.0061117,0.0068291,0.0073571,0.0076766,0.007783,0.0076766,0.0073571,0.0068291,0.0061117,0.0045496,0.0038915,0.0031269,0.0023603,0.0016737,0.0011149,0,0,0,0,0,0,0,0,0,0,0,0,0,0,0,0,0
