0,0,0,0,0,0,0,0,0,0,0,0,0,0,0,0,0,0,0,0,0,0,0,0,0,0,0,0,0,0,0,0,0,0,0,0,0,0,0.0021491,0.0032262,0.0045496,0.0060273,0.0075011,0.0087697,0.0096316,0.0099373,0.0096316,0.0087697
0,0,0,0,0,0,0,0,0,0,0,0,0,0,0,0,0,0,0,0,0,0,0,0,0,0,0,0,0,0,0,0,0,0,0,0,0,0,0.0023603,0.0035433,0.0049968,0.0066197,0.0082383,0.0096316,0.010578,0.010914,0.010578,0.0096316
0,0,0,0,0,0,0,0,0,0,0,0,0,0,0,0.00052666,0.00079061,0.0011149,0.0014771,0.0018382,0.0021491,0.0023603,0.0024352,0.0023603,0.0021491,0.0018382,0.0014771,0.0011149,0.00079061,0.00052666,0,0,0,0,0,0,0,0,0.0024352,0.0036557,0.0051554,0.0068298,0.0084999,0.0099373,0.010914,0.01126,0.010914,0.0099373
0,0,0,0,0,0,0,0,0,0,0,0,0,0,0,0.00079061,0.0011868,0.0016737,0.0022173,0.0027595,0.0032262,0.0035433,0.0036557,0.0035433,0.0032262,0.0027595,0.0022173,0.0016737,0.0011868,0.00079061,0,0,0,0,0,0,0,0,0.0023603,0.0035433,0.0049968,0.0066197,0.0082383,0.0096316,0.010578,0.010914,0.010578,0.0096316
0,0,0,0,0,0,0,0,0,0,0,0,0,0,0,0.0011149,0.0016737,0.0023603,0.0031269,0.0038915,0.0045496,0.0049968,0.0051554,0.0049968,0.0045496,0.0038915,0.0031269,0.0023603,0.0016737,0.0011149,0,0,0,0,0,0,0,0,0.0021491,0.0032262,0.0045496,0.0060273,0.0075011,0.0087697,0.0096316,0.0099373,0.0096316,0.0087697
0,0,0,0,0,0,0,0,0,0,0,0,0,0,0,0.0014771,0.0022173,0.0031269,0.0041425,0.0051554,0.0060273,0.0066197,0.0068298,0.0066197,0.0060273,0.0051554,0.0041425,0.0031269,0.0022173,0.0014771,0,0,0,0,0,0,0,0,0.0018382,0.0027595,0.0038915,0.0051554,0.006416,0.0075011,0.0082383,0.0084999,0.0082383,0.0075011
0,0,0,0,0,0,0,0,0,0,0,0,0,0,0,0.0018382,0.0027595,0.0038915,0.0051554,0.006416,0.0075011,0.0082383,0.0084999,0.0082383,0.0075011,0.006416,0.0051554,0.0038915,0.0027595,0.0018382,0,0,0,0,0,0,0,0,0.0014771,0.0022173,0.0031269,0.0041425,0.0051554,0.0060273,0.0066197,0.0068298,0.0066197,0.0060273
0,0,0,0,0,0,0,0,0,0,0,0,0,0,0,0.0021491,0.0032262,0.0045496,0.0060273,0.0075011,0.0087697,0.0096316,0.0099373,0.0096316,0.0087697,0.0075011,0.0060273,0.0045496,0.0032262,0.0021491,0,0,0,0,0,0,0,0,0.0011149,0.0016737,0.0023603,0.0031269,0.0038915,0.0045496,0.0049968,0.0051554,0.0049968,0.0045496
0,0,0,0,0,0,0,0,0,0,0,0,0,0,0,0.0023603,0.0035433,0.0049968,0.0066197,0.0082383,0.0096316,0.010578,0.010914,0.010578,0.0096316,0.0082383,0.0066197,0.0049968,0.0035433,0.0023603,0,0,0,0,0,0,0,0,0.00079061,0.0011868,0.0016737,0.0022173,0.0027595,0.0032262,0.0035433,0.0036557,0.0035433,0.0032262
0,0,0,0,0,0,0,0,0,0,0,0,0.00052666,0.00079061,0.0011149,0.0039123,0.005494,0.0073045,0.0091901,0.010935,0.012298,0.013063,0.013099,0.012391,0.011579,0.010081,0.0084714,0.0066325,0.005494,0.0045843,0.0023603,0.0024352,0.0023603,0.0021491,0.0018382,0.0014771,0.0011149,0.00079061,0.0010533,0.00079061,0.0011149,0.0014771,0.0018382,0.0021491,0.0023603,0.0024352,0.0023603,0.0021491
0,0,0,0,0,0,0,0,0,0,0,0,0.00079061,0.0011868,0.0016737,0.0045776,0.0063028,0.008223,0.010163,0.011894,0.013175,0.013804,0.013674,0.012796,0.012096,0.010612,0.009084,0.0072141,0.0063028,0.0055865,0.0035433,0.0036557,0.0035433,0.0032262,0.0027595,0.0022173,0.0016737,0.0011868,0.00079061,0,0,0,0,0,0,0,0,0
0,0,0,0,0,0,0,0,0,0,0,0,0.0011149,0.0016737,0.0023603,0.005276,0.0071177,0.0090993,0.011024,0.012657,0.013766,0.014181,0.013829,0.012759,0.012245,0.010849,0.0095026,0.0076766,0.0071177,0.0066987,0.0049968,0.0051554,0.0049968,0.0045496,0.0038915,0.0031269,0.0023603,0.0016737,0.0011149,0,0,0,0,0,0,0,0,0
0,0,0,0,0,0,0,0,0,0,0,0,0.0014771,0.0022173,0.0031269,0.0059807,0.0079149,0.0099188,0.011775,0.013246,0.014121,0.014266,0.013655,0.012381,0.012105,0.010851,0.0097594,0.008034,0.0079149,0.0078655,0.0066197,0.0068298,0.0066197,0.0060273,0.0051554,0.0041425,0.0031269,0.0022173,0.0014771,0,0,0,0,0,0,0,0,0
0,0,0,0,0,0,0,0,0,0,0,0,0.0018382,0.0027595,0.0038915,0.0066325,0.0086333,0.010628,0.012381,0.013655,0.014266,0.014121,0.013246,0.011775,0.011757,0.010674,0.0098722,0.0082823,0.0086333,0.0089781,0.0082383,0.0084999,0.0082383,0.0075011,0.006416,0.0051554,0.0038915,0.0027595,0.0018382,0,0,0,0,0,0,0,0,0
0,0,0,0,0,0,0,0,0,0,0,0,0.0021491,0.0032262,0.0045496,0.0071422,0.0091748,0.01113,0.012759,0.013829,0.014181,0.013766,0.012657,0.011024,0.011248,0.010344,0.0098257,0.0083876,0.0091748,0.0098846,0.0096316,0.0099373,0.0096316,0.0087697,0.0075011,0.0060273,0.0045496,0.0032262,0.0021491,0,0,0,0,0,0,0,0,0
0,0,0,0,0,0,0,0,0,0,0,0,0.0023603,0.0035433,0.0049968,0.0074103,0.0094252,0.011305,0.012796,0.013674,0.013804,0.013175,0.011894,0.010163,0.010583,0.009846,0.0095745,0.0082934,0.0094252,0.010422,0.010578,0.010914,0.010578,0.0096316,0.0082383,0.0066197,0.0049968,0.0035433,0.0023603,0,0,0,0,0,0,0,0,0
0,0,0,0,0,0,0,0,0,0,0,0,0.0024352,0.0036557,0.0051554,0.0073565,0.0092905,0.011052,0.012391,0.013099,0.013063,0.012298,0.010935,0.0091901,0.0097398,0.0091497,0.0090677,0.0079448,0.0092905,0.010464,0.010914,0.01126,0.010914,0.0099373,0.0084999,0.0068298,0.0051554,0.0036557,0.0024352,0,0,0,0,0,0,0,0,0
0,0,0,0.00052666,0.00079061,0.0011149,0.0014771,0.0018382,0.0021491,0.0023603,0.0024352,0.0023603,0.0045094,0.0053815,0.0064739,0.0077346,0.009029,0.010158,0.010578,0.010914,0.010578,0.0096316,0.0082383,0.0066197,0.0073571,0.0070865,0.0073571,0.0066197,0.0082383,0.0096316,0.010578,0.010914,0.010578,0.0096316,0.0082383,0.0066197,0.0049968,0.0035433,0.0023603,0,0,0,0,0,0,0,0,0
0,0,0,0.00079061,0.0011868,0.0016737,0.0022173,0.0027595,0.0032262,0.0035433,0.0036557,0.0035433,0.0053753,0.0059857,0.006767,0.007701,0.0086879,0.0095603,0.0096316,0.0099373,0.0096316,0.0087697,0.0075011,0.0060273,0.0066987,0.0064524,0.0066987,0.0060273,0.0075011,0.0087697,0.0096316,0.0099373,0.0096316,0.0087697,0.0075011,0.0060273,0.0045496,0.0032262,0.0021491,0,0,0,0,0,0,0,0,0
0,0,0,0.0011149,0.0016737,0.0023603,0.0031269,0.0038915,0.0045496,0.0049968,0.0051554,0.0049968,0.0063879,0.006651,0.0070184,0.0075157,0.0080897,0.008616,0.0082383,0.0084999,0.0082383,0.0075011,0.006416,0.0051554,0.0057297,0.005519,0.0057297,0.0051554,0.006416,0.0075011,0.0082383,0.0084999,0.0082383,0.0075011,0.006416,0.0051554,0.0038915,0.0027595,0.0018382,0,0,0,0,0,0,0,0,0
0,0,0,0.0014771,0.0022173,0.0031269,0.0041425,0.0051554,0.0060273,0.0066197,0.0068298,0.0066197,0.0075044,0.0073727,0.0072694,0.0072694,0.0073727,0.0075044,0.0066197,0.0068298,0.0066197,0.0060273,0.0051554,0.0041425,0.004604,0.0044346,0.004604,0.0041425,0.0051554,0.0060273,0.0066197,0.0068298,0.0066197,0.0060273,0.0051554,0.0041425,0.0031269,0.0022173,0.0014771,0,0,0,0,0,0,0,0,0
0,0,0,0.0018382,0.0027595,0.0038915,0.0051554,0.006416,0.0075011,0.0082383,0.0084999,0.0082383,0.008616,0.0080897,0.0075157,0.0070184,0.006651,0.0063879,0.0049968,0.0051554,0.0049968,0.0045496,0.0038915,0.0031269,0.0034753,0.0033474,0.0034753,0.0031269,0.0038915,0.0045496,0.0049968,0.0051554,0.0049968,0.0045496,0.0038915,0.0031269,0.0023603,0.0016737,0.0011149,0,0,0,0,0,0,0,0,0
0,0,0,0.0021491,0.0032262,0.0045496,0.0060273,0.0075011,0.0087697,0.0096316,0.0099373,0.0096316,0.0095603,0.0086879,0.007701,0.006767,0.0059857,0.0053753,0.0035433,0.0036557,0.0035433,0.0032262,0.0027595,0.0022173,0.0024643,0.0023737,0.0024643,0.0022173,0.0027595,0.0032262,0.0035433,0.0036557,0.0035433,0.0032262,0.0027595,0.0022173,0.0016737,0.0011868,0.00079061,0,0,0,0,0,0,0,0,0
0,0,0,0.0023603,0.0035433,0.0055235,0.0074103,0.0093533,0.011109,0.012416,0.013063,0.012939,0.012594,0.011389,0.0098837,0.0083121,0.0068585,0.0056244,0.0031509,0.0029619,0.0023603,0.0021491,0.0018382,0.0014771,0.0016416,0.0015812,0.0016416,0.0014771,0.0018382,0.0021491,0.0023603,0.0024352,0.0023603,0.0021491,0.0018382,0.0014771,0.0011149,0.00079061,0.00052666,0,0,0,0,0,0,0,0,0
0,0,0,0.0024352,0.0036557,0.005946,0.0080167,0.010174,0.012155,0.013674,0.014487,0.014457,0.013593,0.012043,0.010056,0.0079149,0.0058731,0.004109,0.0011868,0.00079061,0,0,0,0,0,0,0,0,0,0,0,0,0,0,0,0,0,0,0,0,0,0,0,0,0,0,0,0
0,0,0,0.0023603,0.0035433,0.0061117,0.0082934,0.010599,0.012759,0.01447,0.015464,0.015575,0.014787,0.013235,0.011169,0.0088883,0.0066702,0.0047206,0.0016737,0.0011149,0,0,0,0,0,0,0,0,0,0,0,0,0,0,0,0,0,0,0,0,0,0,0,0,0,0,0,0
0,0,0,0.0021491,0.0032262,0.0060267,0.0082446,0.010628,0.012912,0.014787,0.015965,0.016251,0.015599,0.014121,0.012055,0.0097051,0.0073687,0.005276,0.0022173,0.0014771,0,0,0,0,0,0,0,0,0,0,0,0,0,0,0,0,0,0,0,0,0,0,0,0,0,0,0,0
0,0,0,0.0018382,0.0027595,0.0057297,0.0079149,0.010308,0.012657,0.014654,0.016001,0.016477,0.016001,0.014654,0.012657,0.010308,0.0079149,0.0057297,0.0027595,0.0018382,0,0,0,0,0,0,0,0,0,0,0,0,0,0,0,0,0,0,0,0,0,0,0,0,0,0,0,0
0,0,0,0.0014771,0.0022173,0.005276,0.0073687,0.0097051,0.012055,0.014121,0.015599,0.016251,0.015965,0.014787,0.012912,0.010628,0.0082446,0.0060267,0.0032262,0.0021491,0,0,0,0,0,0,0,0,0,0,0,0,0,0,0,0,0,0,0,0,0,0,0,0,0,0,0,0
0,0,0,0.0011149,0.0016737,0.0047206,0.0066702,0.0088883,0.011169,0.013235,0.014787,0.015575,0.015464,0.01447,0.012759,0.010599,0.0082934,0.0061117,0.0035433,0.0023603,0,0,0,0,0,0,0,0,0,0,0,0,0,0,0,0,0,0,0,0,0,0,0,0,0,0,0,0
0,0,0,0.00079061,0.0011868,0.004109,0.0058731,0.0079149,0.010056,0.012043,0.013593,0.014457,0.014487,0.013674,0.012155,0.010174,0.0080167,0.005946,0.0036557,0.0024352,0,0,0,0,0,0,0,0,0,0,0,0,0,0,0,0,0,0,0,0,0,0,0,0,0,0,0,0
0,0,0,0.00052666,0.00079061,0.0034753,0.0050203,0.006835,0.0087688,0.010599,0.012067,0.012939,0.013063,0.012416,0.011109,0.0093533,0.0074103,0.0055235,0.0035433,0.0023603,0,0,0,0,0,0,0,0,0,0,0,0,0,0,0,0,0,0,0,0,0,0,0,0.00052666,0.00079061,0.0011149,0.0014771,0.0018382
