0,0,0,0,0,0,0,0,0,0,0,0,0,0,0,0,0,0,0.0011149,0.0016737,0.0023603,0.0031269,0.0038915,0.0045496,0.0049968,0.0051554,0.0049968,0.0045496,0.0038915,0.0031269,0.0023603,0.0016737,0.0011149,0,0,0,0,0,0,0,0,0,0,0,0,0.0014771,0.0022173,0.0031269
0,0,0,0,0,0,0,0,0,0,0,0,0,0,0,0,0,0,0.0014771,0.0022173,0.0031269,0.0041425,0.0051554,0.0060273,0.0066197,0.0068298,0.0066197,0.0060273,0.0051554,0.0041425,0.0031269,0.0022173,0.0014771,0,0,0,0,0,0,0,0,0,0,0,0,0.0011149,0.0016737,0.0023603
0,0,0,0,0,0,0,0,0,0,0,0,0,0,0,0,0,0,0.0018382,0.0027595,0.0038915,0.0051554,0.006416,0.0075011,0.0082383,0.0084999,0.0082383,0.0075011,0.006416,0.0051554,0.0038915,0.0027595,0.0018382,0,0,0,0,0,0,0,0,0,0,0,0,0.00079061,0.0011868,0.0016737
0,0,0,0,0,0,0,0,0,0,0,0,0,0,0,0,0,0,0.0021491,0.0032262,0.0050763,0.0068179,0.008616,0.010247,0.01147,0.012086,0.011992,0.011205,0.0098614,0.0081764,0.0063879,0.0052299,0.0040546,0.0019055,0.0020037,0.0018382,0.0021491,0.0023603,0.0024352,0.0023603,0.0021491,0.0018382,0.0014771,0.0011149,0.00079061,0.0010533,0.00079061,0.0011149
0,0,0,0,0,0,0,0,0,0,0,0,0,0,0,0,0,0,0.0023603,0.0035433,0.0057874,0.0078065,0.0099121,0.011849,0.013338,0.01414,0.014122,0.013287,0.011782,0.0098459,0.0077563,0.0065512,0.0052209,0.0028606,0.0030079,0.0027595,0.0032262,0.0035433,0.0036557,0.0035433,0.0032262,0.0027595,0.0022173,0.0016737,0.0011868,0.00079061,0,0
0,0,0,0,0,0,0,0,0,0,0,0,0,0,0,0,0,0,0.0024352,0.0036557,0.0062704,0.0085035,0.01086,0.013064,0.014806,0.01581,0.015911,0.015093,0.013497,0.011379,0.0090469,0.0078976,0.0064693,0.004034,0.0042419,0.0038915,0.0045496,0.0049968,0.0051554,0.0049968,0.0045496,0.0038915,0.0031269,0.0023603,0.0016737,0.0011149,0,0
0,0,0,0,0,0,0,0,0,0,0,0,0,0,0,0,0,0,0.0023603,0.0035433,0.0064739,0.008837,0.011365,0.013774,0.015734,0.016941,0.017198,0.016461,0.014858,0.012647,0.010152,0.0091628,0.0077046,0.0053442,0.0056196,0.0051554,0.0060273,0.0066197,0.0068298,0.0066197,0.0060273,0.0051554,0.0041425,0.0031269,0.0022173,0.0014771,0,0
0,0,0,0,0,0,0,0,0,0,0,0,0,0,0,0,0,0,0.0021491,0.0032262,0.0063879,0.0087868,0.011393,0.013925,0.016048,0.017438,0.01787,0.01727,0.015739,0.013528,0.010966,0.01022,0.0088001,0.006651,0.0069936,0.006416,0.0075011,0.0082383,0.0084999,0.0082383,0.0075011,0.006416,0.0051554,0.0038915,0.0027595,0.0018382,0,0
0,0,0,0,0,0,0,0,0,0,0,0,0,0,0,0,0,0,0.0018382,0.0027595,0.0060406,0.0083816,0.010966,0.013528,0.015739,0.01727,0.01787,0.017438,0.016048,0.013925,0.011393,0.010936,0.009614,0.0077758,0.0081764,0.0075011,0.0087697,0.0096316,0.0099373,0.0096316,0.0087697,0.0075011,0.0060273,0.0045496,0.0032262,0.0021491,0,0
0,0,0,0,0,0,0,0,0,0,0,0,0,0,0,0,0,0,0.0014771,0.0022173,0.0054872,0.0076858,0.010152,0.012647,0.014858,0.016461,0.017198,0.016941,0.015734,0.013774,0.011365,0.011197,0.010017,0.0085401,0.00898,0.0082383,0.0096316,0.010578,0.010914,0.010578,0.0096316,0.0082383,0.0066197,0.0049968,0.0035433,0.0023603,0,0
0,0,0,0,0,0,0,0,0,0,0,0,0.00052666,0.00079061,0.0011149,0.0014771,0.0018382,0.0021491,0.0034753,0.004109,0.0071559,0.0089318,0.010885,0.012857,0.014612,0.015883,0.016437,0.01581,0.014806,0.013064,0.01086,0.010939,0.0099261,0.0088112,0.0092651,0.0084999,0.0099373,0.010914,0.01126,0.010914,0.0099373,0.0084999,0.0068298,0.0051554,0.0036557,0.0024352,0,0
0,0,0,0,0,0,0,0,0,0,0,0,0.00079061,0.0011868,0.0016737,0.0022173,0.0027595,0.0032262,0.0043339,0.0048426,0.0075773,0.0089868,0.010516,0.012063,0.013455,0.014474,0.014912,0.01414,0.013338,0.011849,0.0099121,0.010167,0.0093307,0.0085401,0.00898,0.0082383,0.0096316,0.010578,0.010914,0.010578,0.0096316,0.0082383,0.0066197,0.0049968,0.0035433,0.0023603,0,0
0,0,0,0,0,0,0,0,0,0,0,0,0.0011149,0.0016737,0.0023603,0.0031269,0.0038915,0.0045496,0.0055235,0.005946,0.0082608,0.0092529,0.010279,0.011303,0.012222,0.012879,0.013107,0.012086,0.01147,0.010247,0.008616,0.008967,0.0083025,0.0077758,0.0081764,0.0075011,0.0087697,0.0096316,0.0099373,0.0096316,0.0087697,0.0075011,0.0060273,0.0045496,0.0032262,0.0021491,0,0
0,0,0,0,0,0,0,0,0,0,0,0,0.0014771,0.0022173,0.0031269,0.0041425,0.0051554,0.0060273,0.0066197,0.0068298,0.0084579,0.0087868,0.0090469,0.0092979,0.0095429,0.0097184,0.0097154,0.0084999,0.0082383,0.0075011,0.006416,0.0069936,0.006651,0.006651,0.0069936,0.006416,0.0075011,0.0082383,0.0084999,0.0082383,0.0075011,0.006416,0.0051554,0.0038915,0.0027595,0.0018382,0,0
0,0,0,0,0,0,0,0,0,0,0,0,0.0018382,0.0027595,0.0038915,0.0051554,0.006416,0.0075011,0.0082383,0.0084999,0.0097154,0.0097184,0.0095429,0.0092979,0.0090469,0.0087868,0.0084579,0.0068298,0.0066197,0.0060273,0.0051554,0.0056196,0.0053442,0.0053442,0.0056196,0.0051554,0.0060273,0.0066197,0.0068298,0.0066197,0.0060273,0.0051554,0.0041425,0.0031269,0.0022173,0.0014771,0,0
0,0,0,0,0,0,0,0,0,0,0,0,0.0021491,0.0032262,0.0045496,0.0060273,0.0075011,0.0087697,0.0096316,0.0099373,0.010747,0.010443,0.0098614,0.0091542,0.0084412,0.0077758,0.0071459,0.0051554,0.0049968,0.0045496,0.0038915,0.0042419,0.004034,0.004034,0.0042419,0.0038915,0.0045496,0.0049968,0.0051554,0.0049968,0.0045496,0.0038915,0.0031269,0.0023603,0.0016737,0.0011149,0,0
0,0,0,0,0,0,0,0,0,0,0,0,0.0023603,0.0035433,0.0049968,0.0066197,0.0082383,0.0096316,0.010578,0.010914,0.011369,0.010818,0.0099121,0.008837,0.0077563,0.0067694,0.0059036,0.0036557,0.0035433,0.0032262,0.0027595,0.0030079,0.0028606,0.0028606,0.0030079,0.0027595,0.0032262,0.0035433,0.0036557,0.0035433,0.0032262,0.0027595,0.0022173,0.0016737,0.0011868,0.00079061,0,0
0,0,0,0,0,0,0,0,0,0,0,0,0.0024352,0.0036557,0.0056821,0.0076204,0.0096148,0.011414,0.012752,0.01341,0.013801,0.013163,0.011975,0.010456,0.0088319,0.0072819,0.0059105,0.0032259,0.002887,0.0021491,0.0018382,0.0020037,0.0019055,0.0019055,0.0020037,0.0018382,0.0021491,0.0023603,0.0024352,0.0023603,0.0021491,0.0018382,0.0014771,0.0011149,0.00079061,0.00052666,0,0
0,0,0,0,0,0,0,0,0,0,0,0,0.0023603,0.0035433,0.0057874,0.0078065,0.0099121,0.011849,0.013338,0.01414,0.014122,0.013287,0.011782,0.0098459,0.0077563,0.0057606,0.004034,0.0011868,0.00079061,0,0,0,0,0,0,0,0,0,0,0,0,0,0,0,0,0,0,0
0,0,0,0,0,0,0,0,0,0,0,0,0.0021491,0.0032262,0.0056646,0.007701,0.0098614,0.011897,0.013523,0.014487,0.014628,0.013925,0.012498,0.010577,0.0084412,0.0063531,0.0045094,0.0016737,0.0011149,0,0,0,0,0,0,0,0,0,0,0,0,0,0,0,0,0,0,0
0,0,0,0,0,0,0,0,0,0,0,0,0.0018382,0.0027595,0.0053686,0.0073727,0.0095429,0.011644,0.013394,0.014527,0.014858,0.014331,0.013036,0.011183,0.0090469,0.006902,0.0049651,0.0022173,0.0014771,0,0,0,0,0,0,0,0,0,0,0,0,0,0,0,0,0,0,0
0,0,0,0,0,0,0,0,0,0,0,0,0.0014771,0.0022173,0.0049651,0.006902,0.0090469,0.011183,0.013036,0.014331,0.014858,0.014527,0.013394,0.011644,0.0095429,0.0073727,0.0053686,0.0027595,0.0018382,0,0,0,0,0,0,0,0,0,0,0,0,0,0,0,0,0,0,0
0,0,0,0,0,0,0,0,0,0,0,0,0.0011149,0.0016737,0.0045094,0.0063531,0.0084412,0.010577,0.012498,0.013925,0.014628,0.014487,0.013523,0.011897,0.0098614,0.007701,0.0056646,0.0032262,0.0021491,0,0,0,0,0,0,0,0,0,0,0,0,0,0,0,0,0,0,0
0,0,0,0,0,0,0,0,0,0,0,0,0.00079061,0.0011868,0.004034,0.0057606,0.0077563,0.0098459,0.011782,0.013287,0.014122,0.01414,0.013338,0.011849,0.0099121,0.0078065,0.0057874,0.0035433,0.0023603,0,0,0,0,0,0,0,0,0,0,0,0,0,0,0,0,0,0,0
0,0,0,0,0,0,0,0,0,0,0,0,0.00052666,0.00079061,0.0035502,0.0051328,0.0069936,0.0089789,0.01086,0.012373,0.013274,0.01341,0.012752,0.011414,0.0096148,0.0076204,0.0056821,0.0036557,0.0024352,0,0,0,0,0,0,0,0,0,0,0,0,0,0,0,0,0,0,0
0,0,0,0,0,0,0,0,0,0,0,0,0,0,0.0023603,0.0035433,0.0049968,0.0066197,0.0082383,0.0096316,0.010578,0.010914,0.010578,0.0096316,0.0082383,0.0066197,0.0049968,0.0035433,0.0023603,0,0,0,0,0,0,0,0,0,0,0,0,0,0,0,0,0,0,0
0,0,0,0,0,0,0,0,0,0,0,0,0,0,0.0021491,0.0032262,0.0045496,0.0060273,0.0075011,0.0087697,0.0096316,0.0099373,0.0096316,0.0087697,0.0075011,0.0060273,0.0045496,0.0032262,0.0021491,0,0,0,0,0,0,0,0,0,0,0,0,0,0,0,0,0,0,0
0,0,0,0,0,0,0,0,0,0,0,0,0,0,0.0018382,0.0027595,0.0038915,0.0051554,0.006416,0.0075011,0.0082383,0.0084999,0.0082383,0.0075011,0.006416,0.0051554,0.0038915,0.0027595,0.0018382,0,0,0,0,0,0,0,0,0,0,0,0,0,0,0,0,0,0,0
0,0,0,0,0,0,0,0,0,0,0,0,0,0,0.0014771,0.0022173,0.0031269,0.0041425,0.0051554,0.0060273,0.0066197,0.0068298,0.0066197,0.0060273,0.0051554,0.0041425,0.0031269,0.0022173,0.0014771,0,0,0,0,0,0,0,0,0,0,0,0,0,0,0,0,0,0,0
0,0,0,0,0,0,0,0,0,0,0,0,0,0,0.0011149,0.0016737,0.0023603,0.0031269,0.0038915,0.0045496,0.0049968,0.0051554,0.0049968,0.0045496,0.0038915,0.0031269,0.0023603,0.0016737,0.0011149,0,0,0,0,0,0,0,0,0,0,0,0,0,0,0,0,0,0,0
0,0,0,0,0,0,0,0,0,0,0,0,0,0,0.00079061,0.0011868,0.0016737,0.0022173,0.0027595,0.0032262,0.0035433,0.0036557,0.0035433,0.0032262,0.0027595,0.0022173,0.0016737,0.0011868,0.00079061,0,0,0,0,0,0,0,0,0,0,0,0,0,0,0,0,0,0,0
0,0,0,0,0,0,0,0,0,0,0,0,0,0,0.00052666,0.00079061,0.0011149,0.0014771,0.0018382,0.0021491,0.0023603,0.0024352,0.0023603,0.0021491,0.0018382,0.0014771,0.0011149,0.00079061,0.00052666,0,0,0,0,0,0,0,0,0,0,0,0,0,0,0,0,0,0,0
