0,0,0,0,0,0,0,0,0,0,0,0,0,0,0,0,0,0,0,0,0,0,0,0,0,0,0,0,0,0,0.0023603,0.0035433,0.0049968,0.0066197,0.0082383,0.0096316,0.010578,0.010914,0.010578,0.0096316,0.0082383,0.0066197,0.0049968,0.0035433,0.0023603,0,0,0
0,0,0,0,0,0,0,0,0,0,0,0,0,0,0,0,0,0,0,0,0,0,0,0,0,0,0.00052666,0.00079061,0.0011149,0.0014771,0.0039873,0.0053753,0.00691,0.0084625,0.0098614,0.010919,0.01147,0.011414,0.010747,0.0095603,0.0080278,0.0060273,0.0045496,0.0032262,0.0021491,0,0,0
0,0,0,0,0,0,0,0,0,0,0,0,0,0,0,0,0,0,0,0,0,0,0,0,0,0,0.00079061,0.0011868,0.0016737,0.0022173,0.0045977,0.0059857,0.0074348,0.0088112,0.0099593,0.010727,0.010998,0.010717,0.0099121,0.0086879,0.0072066,0.0051554,0.0038915,0.0027595,0.0018382,0,0,0
0,0,0,0,0,0,0,0,0,0,0,0,0,0,0,0,0,0,0,0,0,0,0,0,0,0,0.0011149,0.0016737,0.0023603,0.0031269,0.0053686,0.006767,0.0081237,0.0092979,0.010152,0.010577,0.010511,0.0099567,0.00898,0.007701,0.0062704,0.0041425,0.0031269,0.0022173,0.0014771,0,0,0
0,0,0,0,0,0,0.00052666,0.00079061,0.0011149,0.0014771,0.0018382,0.0021491,0.0023603,0.0024352,0.0023603,0.0021491,0.0018382,0.0014771,0.0011149,0.00079061,0.00052666,0,0,0,0,0,0.0014771,0.0022173,0.0031269,0.0041425,0.0062704,0.007701,0.00898,0.0099567,0.010511,0.010577,0.010152,0.0092979,0.0081237,0.006767,0.0053686,0.0031269,0.0023603,0.0016737,0.0011149,0,0,0
0,0,0,0,0,0,0.00079061,0.0011868,0.0016737,0.0022173,0.0027595,0.0032262,0.0035433,0.0036557,0.0035433,0.0032262,0.0027595,0.0022173,0.0016737,0.0011868,0.00079061,0,0,0,0,0,0.0018382,0.0027595,0.0038915,0.0051554,0.0072066,0.0086879,0.0099121,0.010717,0.010998,0.010727,0.0099593,0.0088112,0.0074348,0.0059857,0.0045977,0.0022173,0.0016737,0.0011868,0.00079061,0,0,0
0,0,0,0,0,0,0.0011149,0.0016737,0.0023603,0.0031269,0.0038915,0.0045496,0.0049968,0.0051554,0.0049968,0.0045496,0.0038915,0.0031269,0.0023603,0.0016737,0.0011149,0,0,0,0,0,0.0021491,0.0037528,0.0053403,0.0071422,0.0095048,0.011399,0.012896,0.013775,0.013905,0.013279,0.012011,0.010301,0.008387,0.0064902,0.0047779,0.0020037,0.0011149,0.00079061,0.00052666,0,0,0
0,0,0,0,0,0,0.0014771,0.0022173,0.0031269,0.0041425,0.0051554,0.0060273,0.0066197,0.0068298,0.0066197,0.0060273,0.0051554,0.0041425,0.0031269,0.0022173,0.0014771,0,0,0,0,0,0.0023603,0.0043339,0.0061837,0.0082934,0.010456,0.012391,0.013804,0.014457,0.014234,0.013175,0.011465,0.0093792,0.0072141,0.005217,0.0035472,0.00079061,0,0,0,0,0,0
0,0,0,0,0,0,0.0018382,0.0027595,0.0038915,0.0051554,0.006416,0.0075011,0.0082383,0.0084999,0.0082383,0.0075011,0.006416,0.0051554,0.0038915,0.0027595,0.0018382,0,0,0,0,0,0.0024352,0.0047707,0.0068291,0.0091901,0.011627,0.013829,0.015464,0.016257,0.016069,0.014934,0.013049,0.010721,0.0082823,0.0060161,0.004109,0.0011149,0,0,0,0,0,0
0,0,0,0,0,0,0.0021491,0.0032262,0.0045496,0.0060273,0.0075011,0.0087697,0.0096316,0.0099373,0.0096316,0.0087697,0.0075011,0.0060273,0.0045496,0.0032262,0.0021491,0,0,0,0,0,0.0023603,0.0050203,0.0072141,0.0097466,0.012381,0.014787,0.016606,0.017534,0.017408,0.016251,0.014266,0.011775,0.0091393,0.0066702,0.0045776,0.0014771,0,0,0,0,0,0
0,0,0,0,0,0,0.0023603,0.0035433,0.0049968,0.0066197,0.0082383,0.0096316,0.010578,0.010914,0.010578,0.0096316,0.0082383,0.0066197,0.0049968,0.0035433,0.0023603,0,0,0,0,0,0.0021491,0.0050644,0.0073091,0.0099188,0.012657,0.015186,0.017133,0.018176,0.018131,0.017008,0.015002,0.012443,0.0097051,0.0071177,0.0049086,0.0018382,0,0,0,0,0,0
0,0,0,0,0,0,0.0024352,0.0036557,0.0051554,0.0068298,0.0084999,0.0099373,0.010914,0.01126,0.010914,0.0099373,0.0084999,0.0068298,0.0051554,0.0036557,0.0024352,0,0,0,0,0,0.0018382,0.0049086,0.0071177,0.0097051,0.012443,0.015002,0.017008,0.018131,0.018176,0.017133,0.015186,0.012657,0.0099188,0.0073091,0.0050644,0.0021491,0,0,0,0,0,0
0,0,0,0,0,0,0.0023603,0.0035433,0.0049968,0.0066197,0.0082383,0.0096316,0.010578,0.010914,0.010578,0.0096316,0.0082383,0.0066197,0.0049968,0.0035433,0.0023603,0,0,0,0,0,0.0014771,0.0045776,0.0066702,0.0091393,0.011775,0.014266,0.016251,0.017408,0.017534,0.016606,0.014787,0.012381,0.0097466,0.0072141,0.0050203,0.0023603,0,0,0,0,0,0
0,0,0,0,0,0,0.0021491,0.0032262,0.0045496,0.0060273,0.0075011,0.0087697,0.0096316,0.0099373,0.0096316,0.0087697,0.0075011,0.0060273,0.0045496,0.0032262,0.0021491,0,0,0,0,0,0.0011149,0.004109,0.0060161,0.0082823,0.010721,0.013049,0.014934,0.016069,0.016257,0.015464,0.013829,0.011627,0.0091901,0.0068291,0.0047707,0.0024352,0,0,0,0,0,0
0,0,0,0,0,0,0.0018382,0.0027595,0.0038915,0.0051554,0.006416,0.0075011,0.0082383,0.0084999,0.0082383,0.0075011,0.006416,0.0051554,0.0038915,0.0027595,0.0018382,0,0,0,0,0,0.00079061,0.0035472,0.005217,0.0072141,0.0093792,0.011465,0.013175,0.014234,0.014457,0.013804,0.012391,0.010456,0.0082934,0.0061837,0.0043339,0.0023603,0,0,0,0,0,0
0,0,0,0,0,0,0.0014771,0.0022173,0.0031269,0.0041425,0.0051554,0.0060273,0.0066197,0.0068298,0.0066197,0.0060273,0.0051554,0.0041425,0.0031269,0.0022173,0.0014771,0,0.00052666,0.00079061,0.0011149,0.0014771,0.0023649,0.0050888,0.0067014,0.0084619,0.010226,0.011799,0.012968,0.013544,0.013413,0.012571,0.011135,0.0089781,0.0071422,0.0053403,0.0037528,0.0021491,0,0,0,0,0,0
0,0,0,0,0,0,0.0011149,0.0016737,0.0023603,0.0031269,0.0038915,0.0045496,0.0049968,0.0051554,0.0049968,0.0045496,0.0038915,0.0031269,0.0023603,0.0016737,0.0011149,0,0.00079061,0.0011868,0.0016737,0.0022173,0.0027595,0.0050644,0.0063028,0.0075473,0.0086987,0.0096422,0.010261,0.010456,0.010174,0.0094252,0.0082917,0.006416,0.0051554,0.0038915,0.0027595,0.0018382,0,0,0,0,0,0
0,0,0,0,0,0,0.00079061,0.0011868,0.0016737,0.0022173,0.0027595,0.0032262,0.0035433,0.0036557,0.0035433,0.0032262,0.0027595,0.0022173,0.0016737,0.0011868,0.00079061,0,0.0011149,0.0016737,0.0023603,0.0031269,0.0038915,0.0060267,0.0072141,0.0082823,0.0091393,0.0097051,0.0099188,0.0097466,0.0091901,0.0082934,0.0071422,0.0051554,0.0041425,0.0031269,0.0022173,0.0014771,0,0,0,0,0,0
0.00079061,0.0011149,0.0014771,0.0018382,0.0021491,0.0023603,0.0029619,0.0031509,0.003264,0.0033153,0.0033153,0.003264,0.0031509,0.0029619,0.0023603,0.0021491,0.0018382,0.0014771,0.0011149,0.00079061,0.00052666,0,0.0014771,0.0022173,0.0031269,0.0041425,0.0051554,0.0071422,0.0082934,0.0091901,0.0097466,0.0099188,0.0097051,0.0091393,0.0082823,0.0072141,0.0065534,0.0046821,0.0042419,0.0038374,0.0035119,0.003264,0.0023603,0.0024352,0.0023603,0.0021491,0.0018382,0.0020037
0.0011868,0.0016737,0.0022173,0.0027595,0.0032262,0.0035433,0.0036557,0.0035433,0.0032262,0.0027595,0.0022173,0.0016737,0.0011868,0.00079061,0,0,0,0,0,0,0,0,0.0018382,0.0027595,0.0038915,0.0051554,0.006416,0.0082917,0.0094252,0.010174,0.010456,0.010261,0.0096422,0.0086987,0.0075473,0.0063028,0.005855,0.0039463,0.003891,0.003891,0.0039463,0.0040168,0.0035433,0.0036557,0.0035433,0.0032262,0.0027595,0.0030079
0.0016737,0.0023603,0.0031269,0.0038915,0.0045496,0.0049968,0.0051554,0.0049968,0.0045496,0.0038915,0.0031269,0.0023603,0.0016737,0.0011149,0,0,0,0,0,0,0,0,0.0021491,0.0032262,0.0045496,0.0060273,0.0075011,0.0092963,0.010422,0.011052,0.011109,0.010608,0.0096502,0.0083876,0.0069849,0.0055865,0.0054131,0.0035119,0.0038374,0.0042419,0.0046821,0.0050763,0.0049968,0.0051554,0.0049968,0.0045496,0.0038915,0.0042419
0.0022173,0.0031269,0.0041425,0.0051554,0.0060273,0.0066197,0.0068298,0.0066197,0.0060273,0.0051554,0.0041425,0.0031269,0.0022173,0.0014771,0,0,0,0,0,0,0,0,0.0023603,0.0035433,0.0049968,0.0066197,0.0082383,0.0096316,0.010578,0.010914,0.010578,0.0096316,0.0082383,0.0066197,0.0049968,0.0035433,0.0038374,0.0022173,0.0031269,0.0041425,0.0051554,0.0060273,0.0066197,0.0068298,0.0066197,0.0060273,0.0051554,0.0056196
0.0027595,0.0038915,0.0051554,0.006416,0.0075011,0.0082383,0.0084999,0.0082383,0.0075011,0.006416,0.0051554,0.0038915,0.0027595,0.0018382,0,0,0,0,0,0,0,0,0.0024352,0.0036557,0.0051554,0.0068298,0.0084999,0.0099373,0.010914,0.01126,0.010914,0.0099373,0.0084999,0.0068298,0.0051554,0.0036557,0.0042735,0.0027595,0.0038915,0.0051554,0.006416,0.0075011,0.0082383,0.0084999,0.0082383,0.0075011,0.006416,0.0069936
0.0032262,0.0045496,0.0060273,0.0075011,0.0087697,0.0096316,0.0099373,0.0096316,0.0087697,0.0075011,0.0060273,0.0045496,0.0032262,0.0021491,0,0,0,0,0,0,0,0,0.0023603,0.0035433,0.0049968,0.0066197,0.0082383,0.0096316,0.010578,0.010914,0.010578,0.0096316,0.0082383,0.0066197,0.0049968,0.0035433,0.0045094,0.0032262,0.0045496,0.0060273,0.0075011,0.0087697,0.0096316,0.0099373,0.0096316,0.0087697,0.0075011,0.0081764
0.0035433,0.0049968,0.0066197,0.0082383,0.0096316,0.010578,0.010914,0.010578,0.0096316,0.0082383,0.0066197,0.0049968,0.0035433,0.0023603,0,0,0,0,0,0,0,0,0.0021491,0.0032262,0.0045496,0.0060273,0.0075011,0.0087697,0.0096316,0.0099373,0.0096316,0.0087697,0.0075011,0.0060273,0.0045496,0.0032262,0.0045094,0.0035433,0.0049968,0.0066197,0.0082383,0.0096316,0.010578,0.010914,0.010578,0.0096316,0.0082383,0.00898
0.0036557,0.0051554,0.0068298,0.0084999,0.0099373,0.010914,0.01126,0.010914,0.0099373,0.0084999,0.0068298,0.0051554,0.0036557,0.0024352,0,0,0,0,0,0,0,0,0.0018382,0.0027595,0.0038915,0.0051554,0.006416,0.0075011,0.0082383,0.0084999,0.0082383,0.0075011,0.006416,0.0051554,0.0038915,0.0027595,0.0042735,0.0036557,0.0051554,0.0068298,0.0084999,0.0099373,0.010914,0.01126,0.010914,0.0099373,0.0084999,0.0092651
0.0035433,0.0049968,0.0066197,0.0082383,0.0096316,0.010578,0.010914,0.010578,0.0096316,0.0082383,0.0066197,0.0049968,0.0035433,0.0023603,0,0,0,0,0,0,0,0,0.0014771,0.0022173,0.0031269,0.0041425,0.0051554,0.0060273,0.0066197,0.0068298,0.0066197,0.0060273,0.0051554,0.0041425,0.0031269,0.0022173,0.0038374,0.0035433,0.0049968,0.0066197,0.0082383,0.0096316,0.010578,0.010914,0.010578,0.0096316,0.0082383,0.00898
0.0032262,0.0045496,0.0060273,0.0075011,0.0087697,0.0096316,0.0099373,0.0096316,0.0087697,0.0075011,0.0060273,0.0045496,0.0032262,0.0021491,0,0,0,0,0,0,0,0,0.0011149,0.0016737,0.0023603,0.0031269,0.0038915,0.0045496,0.0049968,0.0051554,0.0049968,0.0045496,0.0038915,0.0031269,0.0023603,0.0016737,0.003264,0.0032262,0.0045496,0.0060273,0.0075011,0.0087697,0.0096316,0.0099373,0.0096316,0.0087697,0.0075011,0.0081764
0.0027595,0.0038915,0.0051554,0.006416,0.0075011,0.0082383,0.0084999,0.0082383,0.0075011,0.006416,0.0051554,0.0038915,0.0027595,0.0018382,0,0,0,0,0,0,0,0,0.00079061,0.0011868,0.0016737,0.0022173,0.0027595,0.0032262,0.0035433,0.0036557,0.0035433,0.0032262,0.0027595,0.0022173,0.0016737,0.0011868,0.0026288,0.0027595,0.0038915,0.0051554,0.006416,0.0075011,0.0082383,0.0084999,0.0082383,0.0075011,0.006416,0.0069936
0.0022173,0.0031269,0.0041425,0.0051554,0.0060273,0.0066197,0.0068298,0.0066197,0.0060273,0.0051554,0.0041425,0.0031269,0.0022173,0.0014771,0,0,0,0,0,0,0,0,0.00052666,0.00079061,0.0011149,0.0014771,0.0018382,0.0021491,0.0023603,0.0024352,0.0023603,0.0021491,0.0018382,0.0014771,0.0011149,0.00079061,0.0020037,0.0022173,0.0031269,0.0041425,0.0051554,0.0060273,0.0066197,0.0068298,0.0066197,0.0060273,0.0051554,0.0056196
0.0016737,0.0023603,0.0031269,0.0038915,0.0045496,0.0049968,0.0051554,0.0049968,0.0045496,0.0038915,0.0031269,0.0023603,0.0016737,0.0011149,0,0,0,0,0,0,0,0,0,0,0,0,0,0,0,0,0,0,0,0,0,0,0.0011149,0.0016737,0.0023603,0.0031269,0.0038915,0.0045496,0.0049968,0.0051554,0.0049968,0.0045496,0.0038915,0.0042419
0.0011868,0.0016737,0.0022173,0.0027595,0.0032262,0.0035433,0.0036557,0.0035433,0.0032262,0.0027595,0.0022173,0.0016737,0.0011868,0.00079061,0,0,0,0,0,0,0,0,0,0,0,0,0,0,0,0,0,0,0,0,0,0,0.00079061,0.0011868,0.0016737,0.0022173,0.0027595,0.0032262,0.0035433,0.0036557,0.0035433,0.0032262,0.0027595,0.0030079
