0,0,0,0,0,0,0,0,0,0,0,0,0,0,0,0,0,0,0.0024352,0.0036557,0.0051554,0.0068298,0.0084999,0.0099373,0.010914,0.01126,0.010914,0.0099373,0.0084999,0.0079448,0.0068291,0.0060161,0.0055622,0.0038915,0.0045496,0.0049968,0.0051554,0.0049968,0.0045496,0.0038915,0.0031269,0.0023603,0.0016737,0.0011149,0,0,0,0
0,0,0,0,0,0,0,0,0,0,0,0,0,0,0,0,0,0,0.0023603,0.0035433,0.0049968,0.0066197,0.0082383,0.0096316,0.010578,0.010914,0.010578,0.0096316,0.0082383,0.0080967,0.0072141,0.0066702,0.0065028,0.0056821,0.0068179,0.0077346,0.0083069,0.0084579,0.0081764,0.0075157,0.0065777,0.0054872,0.0043664,0.0033153,0.0014771,0.0011149,0.00079061,0.00052666
0,0,0,0,0,0,0,0,0,0,0,0,0,0,0,0,0,0,0.0021491,0.0032262,0.0045496,0.0060273,0.0075011,0.0087697,0.0096316,0.0099373,0.0096316,0.0087697,0.0075011,0.0078655,0.0073091,0.0071177,0.0073045,0.0072066,0.0086879,0.0099121,0.010717,0.010998,0.010727,0.0099593,0.0088112,0.0074348,0.0059857,0.0045977,0.0022173,0.0016737,0.0011868,0.00079061
0,0,0,0,0,0,0,0,0,0,0,0,0,0,0,0,0,0,0.0018382,0.0027595,0.0038915,0.0051554,0.006416,0.0075011,0.0082383,0.0084999,0.0082383,0.0075011,0.006416,0.0073045,0.0071177,0.0073091,0.0078655,0.008616,0.010443,0.011992,0.013064,0.013523,0.013319,0.012498,0.011183,0.0095465,0.0077758,0.0060406,0.0031269,0.0023603,0.0016737,0.0011149
0,0,0,0,0,0,0,0,0,0,0,0,0,0,0,0,0,0,0.0014771,0.0022173,0.0031269,0.0041425,0.0051554,0.0060273,0.0066197,0.0068298,0.0066197,0.0060273,0.0051554,0.0065028,0.0066702,0.0072141,0.0080967,0.0097154,0.011849,0.013705,0.015057,0.015734,0.015659,0.014858,0.01345,0.011617,0.0095706,0.0075157,0.0041425,0.0031269,0.0022173,0.0014771
0,0,0,0,0,0,0,0,0,0,0,0,0,0,0,0,0,0,0.0011149,0.0016737,0.0023603,0.0031269,0.0038915,0.0045496,0.0049968,0.0051554,0.0049968,0.0045496,0.0038915,0.0055622,0.0060161,0.0068291,0.0079448,0.010338,0.012697,0.014806,0.016416,0.01733,0.017438,0.016738,0.01533,0.013394,0.011157,0.0088513,0.0051554,0.0038915,0.0027595,0.0018382
0.00052666,0.00079061,0.0011149,0.0014771,0.0018382,0.0021491,0.0023603,0.0024352,0.0023603,0.0021491,0.0018382,0.0014771,0.0011149,0.00079061,0.00052666,0,0,0,0.00079061,0.0011868,0.0016737,0.0022173,0.0027595,0.0032262,0.0035433,0.0036557,0.0035433,0.0032262,0.0027595,0.0045776,0.005217,0.0061837,0.0074103,0.010387,0.012858,0.015128,0.016941,0.018079,0.018401,0.01787,0.016557,0.014628,0.012313,0.0098614,0.0060273,0.0045496,0.0032262,0.0021491
0.00079061,0.0011868,0.0016737,0.0022173,0.0027595,0.0032262,0.0035433,0.0036557,0.0035433,0.0032262,0.0027595,0.002744,0.0024643,0.0023018,0.0022677,0.0018382,0.0021491,0.0023603,0.0029619,0.0031509,0.003264,0.0033153,0.0033153,0.003264,0.0031509,0.0029619,0.0023603,0.0021491,0.0018382,0.0036262,0.0043411,0.0053403,0.006554,0.0098614,0.012313,0.014628,0.016557,0.01787,0.018401,0.018079,0.016941,0.015128,0.012858,0.010387,0.0066197,0.0049968,0.0035433,0.0023603
0.0011149,0.0016737,0.0023603,0.0031269,0.0038915,0.0045496,0.0049968,0.0051554,0.0049968,0.0045496,0.0038915,0.0039175,0.0035472,0.0033474,0.0033323,0.0027595,0.0032262,0.0035433,0.0036557,0.0035433,0.0032262,0.0027595,0.0022173,0.0016737,0.0011868,0.00079061,0,0,0,0.0018382,0.0027595,0.0038915,0.0051554,0.0088513,0.011157,0.013394,0.01533,0.016738,0.017438,0.01733,0.016416,0.014806,0.012697,0.010338,0.0068298,0.0051554,0.0036557,0.0024352
0.0014771,0.0022173,0.0031269,0.0041425,0.0051554,0.0060273,0.0066197,0.0068298,0.0066197,0.0060273,0.0051554,0.0052574,0.0048006,0.0045776,0.004604,0.0038915,0.0045496,0.0049968,0.0051554,0.0049968,0.0045496,0.0038915,0.0031269,0.0023603,0.0016737,0.0011149,0,0,0,0.0014771,0.0022173,0.0031269,0.0041425,0.0075157,0.0095706,0.011617,0.01345,0.014858,0.015659,0.015734,0.015057,0.013705,0.011849,0.0097154,0.0066197,0.0049968,0.0035433,0.0023603
0.0018382,0.0027595,0.0038915,0.0051554,0.006416,0.0075011,0.0082383,0.0084999,0.0082383,0.0075011,0.006416,0.0066325,0.0061088,0.0058864,0.0059807,0.0051554,0.0060273,0.0066197,0.0068298,0.0066197,0.0060273,0.0051554,0.0041425,0.0031269,0.0022173,0.0014771,0,0,0,0.0011149,0.0016737,0.0023603,0.0031269,0.0060406,0.0077758,0.0095465,0.011183,0.012498,0.013319,0.013523,0.013064,0.011992,0.010443,0.008616,0.0060273,0.0045496,0.0032262,0.0021491
0.0045843,0.0055865,0.0066987,0.0078655,0.0089781,0.0098846,0.010422,0.010464,0.0096316,0.0087697,0.0075011,0.0078655,0.0073091,0.0071177,0.0073045,0.006416,0.0075011,0.0082383,0.0084999,0.0082383,0.0075011,0.006416,0.0051554,0.0038915,0.0027595,0.0018382,0,0,0.00052666,0.0015812,0.0023018,0.0031508,0.0040555,0.0067468,0.008346,0.00987,0.011171,0.012108,0.012565,0.012475,0.011832,0.010703,0.0092146,0.0072066,0.0051554,0.0038915,0.0027595,0.0018382
0.0060161,0.0070865,0.008223,0.0093792,0.010456,0.011305,0.011765,0.011705,0.010578,0.0096316,0.0082383,0.0087688,0.008223,0.0080929,0.0083876,0.0075011,0.0087697,0.0096316,0.0099373,0.0096316,0.0087697,0.0075011,0.0060273,0.0045496,0.0032262,0.0021491,0,0,0.00079061,0.0017135,0.0024643,0.0033323,0.0042366,0.0065415,0.0079097,0.009143,0.010121,0.010742,0.010936,0.010675,0.0099806,0.0089215,0.0076085,0.0056821,0.0041425,0.0031269,0.0022173,0.0014771
0.0075907,0.0086525,0.0097051,0.010721,0.011627,0.012298,0.012588,0.012375,0.010914,0.0099373,0.0084999,0.0091901,0.0086987,0.0086525,0.0090549,0.0082383,0.0096316,0.010578,0.010914,0.010578,0.0096316,0.0082383,0.0066197,0.0049968,0.0035433,0.0023603,0,0,0.0011149,0.0016737,0.0023603,0.0031269,0.0038915,0.0056646,0.0066705,0.0075157,0.0081237,0.0084412,0.0084412,0.0081237,0.0075157,0.0066705,0.0056646,0.0038915,0.0031269,0.0023603,0.0016737,0.0011149
0.0091901,0.010163,0.011024,0.011775,0.012381,0.012759,0.012796,0.012391,0.010578,0.0096316,0.0082383,0.0090549,0.0086525,0.0086987,0.0091901,0.0084999,0.0099373,0.010914,0.01126,0.010914,0.0099373,0.0084999,0.0068298,0.0051554,0.0036557,0.0024352,0,0,0.0014771,0.0022173,0.0031269,0.0041425,0.0051554,0.0068179,0.0078065,0.0085035,0.008837,0.0087868,0.0083816,0.0076858,0.0067827,0.0057606,0.0047032,0.0027595,0.0022173,0.0016737,0.0011868,0.00079061
0.010649,0.011465,0.012051,0.012443,0.012657,0.012661,0.012391,0.011776,0.0096316,0.0087697,0.0075011,0.0083876,0.0080929,0.008223,0.0087688,0.0082383,0.0096316,0.010578,0.010914,0.010578,0.0096316,0.0082383,0.0066197,0.0049968,0.0035433,0.0023603,0,0,0.0018382,0.0027595,0.0038915,0.0051554,0.006416,0.0080278,0.009029,0.0096148,0.0097154,0.0093393,0.0085651,0.0075157,0.0063268,0.0051198,0.0039873,0.0018382,0.0014771,0.0011149,0.00079061,0.00052666
0.011776,0.012391,0.012661,0.012657,0.012443,0.012051,0.011465,0.010649,0.0082383,0.0075011,0.006416,0.0073045,0.0071177,0.0073091,0.0078655,0.0075011,0.0087697,0.0096316,0.0099373,0.0096316,0.0087697,0.0075011,0.0060273,0.0045496,0.0032262,0.0021491,0,0,0.0021491,0.0032262,0.0045496,0.0060273,0.0075011,0.0087697,0.0096316,0.0099373,0.0096316,0.0087697,0.0075011,0.0060273,0.0045496,0.0032262,0.0021491,0,0,0,0,0
0.012391,0.012796,0.012759,0.012381,0.011775,0.011024,0.010163,0.0091901,0.0066197,0.0060273,0.0051554,0.0059807,0.0058864,0.0061088,0.0066325,0.006416,0.0075011,0.0082383,0.0084999,0.0082383,0.0075011,0.006416,0.0051554,0.0038915,0.0027595,0.0018382,0,0,0.0023603,0.0035433,0.0049968,0.0066197,0.0082383,0.0096316,0.010578,0.010914,0.010578,0.0096316,0.0082383,0.0066197,0.0049968,0.0035433,0.0023603,0,0,0,0,0
0.012375,0.012588,0.012298,0.011627,0.010721,0.0097051,0.0086525,0.0075907,0.0049968,0.0045496,0.0038915,0.004604,0.0045776,0.0048006,0.0052574,0.0051554,0.0060273,0.0066197,0.0068298,0.0066197,0.0060273,0.0051554,0.0041425,0.0031269,0.0022173,0.0014771,0,0,0.0024352,0.0036557,0.0051554,0.0068298,0.0084999,0.0099373,0.010914,0.01126,0.010914,0.0099373,0.0084999,0.0068298,0.0051554,0.0036557,0.0024352,0,0,0,0,0
0.011705,0.011765,0.011305,0.010456,0.0093792,0.008223,0.0070865,0.0060161,0.0035433,0.0032262,0.0027595,0.0033323,0.0033474,0.0035472,0.0039175,0.0038915,0.0045496,0.0049968,0.0051554,0.0049968,0.0045496,0.0038915,0.0031269,0.0023603,0.0016737,0.0011149,0,0,0.0023603,0.0035433,0.0049968,0.0066197,0.0082383,0.0096316,0.010578,0.010914,0.010578,0.0096316,0.0082383,0.0066197,0.0049968,0.0035433,0.0023603,0,0,0,0,0
0.012613,0.012783,0.01232,0.011338,0.010015,0.008537,0.0070636,0.0056993,0.0031509,0.0026758,0.0018382,0.0022677,0.0023018,0.0024643,0.002744,0.0027595,0.0032262,0.0035433,0.0036557,0.0035433,0.0032262,0.0027595,0.0022173,0.0016737,0.0011868,0.00079061,0,0,0.0021491,0.0032262,0.0045496,0.0060273,0.0075011,0.0087697,0.0096316,0.0099373,0.0096316,0.0087697,0.0075011,0.0060273,0.0045496,0.0032262,0.0021491,0,0,0,0,0
0.011726,0.011782,0.011157,0.0099593,0.0083816,0.006651,0.0049768,0.0035119,0.0011868,0.00079061,0,0.00052666,0.00079061,0.0011149,0.0014771,0.0018382,0.0021491,0.0023603,0.0024352,0.0023603,0.0021491,0.0018382,0.0014771,0.0011149,0.00079061,0.00052666,0,0,0.0018382,0.0027595,0.0038915,0.0051554,0.006416,0.0075011,0.0082383,0.0084999,0.0082383,0.0075011,0.006416,0.0051554,0.0038915,0.0027595,0.0018382,0,0,0,0,0
0.011379,0.011617,0.011183,0.010152,0.0086921,0.0070184,0.0053442,0.0038374,0.0016737,0.0011149,0,0,0,0,0,0,0,0,0,0,0,0,0,0,0,0,0,0,0.0014771,0.0022173,0.0031269,0.0041425,0.0051554,0.0060273,0.0066197,0.0068298,0.0066197,0.0060273,0.0051554,0.0041425,0.0031269,0.0022173,0.0014771,0,0,0,0,0
0.011183,0.011617,0.011379,0.010511,0.0091542,0.0075157,0.0058162,0.0042419,0.0022173,0.0014771,0,0,0,0,0,0,0,0,0,0,0,0,0,0,0,0,0,0,0.0011149,0.0016737,0.0023603,0.0031269,0.0038915,0.0045496,0.0049968,0.0051554,0.0049968,0.0045496,0.0038915,0.0031269,0.0023603,0.0016737,0.0011149,0,0,0,0,0
0.011157,0.011782,0.011726,0.010998,0.0097184,0.0080897,0.0063423,0.0046821,0.0027595,0.0018382,0,0,0,0,0,0,0,0,0,0,0,0,0,0,0,0,0,0,0.00079061,0.0011868,0.0016737,0.0022173,0.0027595,0.0032262,0.0035433,0.0036557,0.0035433,0.0032262,0.0027595,0.0022173,0.0016737,0.0011868,0.00079061,0,0,0,0,0
0.011205,0.011992,0.012086,0.01147,0.010247,0.008616,0.0068179,0.0050763,0.0032262,0.0021491,0,0,0,0,0,0,0,0,0,0,0,0,0,0,0,0,0,0,0.00052666,0.00079061,0.0011149,0.0014771,0.0018382,0.0021491,0.0023603,0.0024352,0.0023603,0.0021491,0.0018382,0.0014771,0.0011149,0.00079061,0.00052666,0,0,0,0,0
0.0096316,0.010578,0.010914,0.010578,0.0096316,0.0082383,0.0066197,0.0049968,0.0035433,0.0023603,0,0,0,0,0,0,0,0,0,0,0,0,0,0,0,0,0,0,0,0,0,0,0,0,0,0,0,0,0,0,0,0,0,0,0,0,0,0
0.0099373,0.010914,0.01126,0.010914,0.0099373,0.0084999,0.0068298,0.0051554,0.0036557,0.0024352,0,0,0,0,0,0,0,0,0,0,0,0,0,0,0,0,0,0,0,0,0,0,0,0,0,0,0,0,0,0,0,0,0,0,0,0,0,0
0.0096316,0.010578,0.010914,0.010578,0.0096316,0.0082383,0.0066197,0.0049968,0.0035433,0.0023603,0,0,0,0,0,0,0,0,0,0,0,0,0,0,0,0,0,0,0,0,0,0,0,0,0,0,0,0,0,0,0,0,0,0,0,0,0,0
0.0087697,0.0096316,0.0099373,0.0096316,0.0087697,0.0075011,0.0060273,0.0045496,0.0032262,0.0021491,0,0,0,0,0,0,0,0,0,0,0,0,0,0,0,0,0,0,0,0,0,0,0,0,0,0,0,0,0,0,0,0,0,0,0,0,0,0
0.0075011,0.0082383,0.0084999,0.0082383,0.0075011,0.006416,0.0051554,0.0038915,0.0027595,0.0018382,0,0,0,0,0,0,0,0,0,0,0,0,0,0,0,0,0,0,0,0,0,0,0,0,0,0,0,0,0,0,0,0,0,0,0,0,0,0
0.0060273,0.0066197,0.0068298,0.0066197,0.0060273,0.0051554,0.0041425,0.0031269,0.0022173,0.0014771,0,0,0,0,0,0,0,0,0,0,0,0,0,0,0,0,0,0,0,0,0,0,0,0,0,0,0,0,0,0,0,0,0,0,0,0,0,0
