0.0035433,0.0032262,0.0027595,0.0022173,0.0016737,0.0011868,0.00079061,0,0,0,0,0,0,0,0,0,0,0,0,0,0,0,0.0014771,0.0022173,0.0031269,0.0041425,0.0051554,0.0060273,0.0066197,0.0068298,0.0066197,0.0060273,0.0051554,0.0041425,0.0031269,0.0022173,0.0014771,0,0,0,0,0,0,0,0,0,0,0
0.0074321,0.00691,0.0060406,0.0049651,0.0038374,0.0027887,0.0019055,0.00052666,0,0,0,0,0,0,0,0,0,0,0,0,0,0,0.0018382,0.0027595,0.0038915,0.0051554,0.006416,0.0075011,0.0082383,0.0084999,0.0082383,0.0075011,0.006416,0.0051554,0.0038915,0.0027595,0.0018382,0,0,0,0,0,0,0,0,0,0,0
0.010275,0.0095706,0.0083816,0.006902,0.0053442,0.003891,0.0026639,0.00079061,0,0,0,0,0,0,0,0,0,0,0,0,0,0,0.0021491,0.0032262,0.0045496,0.0060273,0.0075011,0.0087697,0.0096316,0.0099373,0.0096316,0.0087697,0.0075011,0.0060273,0.0045496,0.0032262,0.0021491,0,0,0,0,0,0,0,0,0,0,0
0.013394,0.012498,0.010966,0.0090469,0.0070184,0.0051198,0.0035119,0.0011149,0,0,0,0,0,0,0,0,0,0,0,0.00052666,0.00079061,0.0011149,0.0038374,0.0053815,0.0071459,0.00898,0.010674,0.011992,0.012727,0.012752,0.012055,0.010747,0.009029,0.0071464,0.0049968,0.0035433,0.0023603,0,0,0,0,0,0,0,0,0,0,0
0.016461,0.015389,0.013528,0.011183,0.0086921,0.0063531,0.0043664,0.0014771,0,0,0,0,0,0,0,0,0,0,0,0.00079061,0.0011868,0.0016737,0.0046526,0.0064152,0.0083816,0.010373,0.012156,0.013481,0.01414,0.014547,0.013922,0.012726,0.011164,0.0094587,0.0073045,0.0060161,0.0048705,0.0023603,0.0021491,0.0018382,0.0014771,0.0011149,0.00079061,0.00052666,0,0,0,0
0.019078,0.01787,0.015739,0.013036,0.010152,0.0074348,0.0051198,0.0018382,0,0,0,0,0,0,0,0,0,0,0,0.0011149,0.0016737,0.0023603,0.0054872,0.0074348,0.0095465,0.011617,0.013394,0.014628,0.015128,0.015596,0.014892,0.013666,0.012129,0.010494,0.008223,0.0070865,0.0060161,0.0035433,0.0032262,0.0027595,0.0022173,0.0016737,0.0011868,0.00079061,0,0,0,0
0.020851,0.019569,0.01727,0.014331,0.011183,0.0082054,0.0056614,0.0021491,0,0,0,0,0,0,0,0,0,0,0,0.0014771,0.0022173,0.0031269,0.0062916,0.0083816,0.010577,0.012647,0.014331,0.015389,0.015659,0.016208,0.015448,0.014257,0.012845,0.011396,0.0090993,0.008223,0.0073045,0.0049968,0.0045496,0.0038915,0.0031269,0.0023603,0.0016737,0.0011149,0,0,0,0
0.021492,0.02021,0.01787,0.014858,0.011617,0.0085401,0.0059036,0.0023603,0,0,0,0,0,0,0,0,0,0,0,0.0018382,0.0027595,0.0038915,0.0069936,0.0091755,0.011393,0.013394,0.014916,0.015739,0.015739,0.016393,0.015611,0.01452,0.013318,0.012149,0.0099188,0.0093792,0.008668,0.0066197,0.0060273,0.0051554,0.0041425,0.0031269,0.0022173,0.0014771,0,0,0,0
0.020892,0.019684,0.017438,0.014527,0.011379,0.0083816,0.0058048,0.0024352,0,0,0,0,0,0,0,0,0,0,0,0.0021491,0.0032262,0.0045496,0.0075044,0.0097184,0.011897,0.013774,0.015093,0.015659,0.015389,0.016169,0.015406,0.014468,0.013537,0.012708,0.010628,0.010456,0.0099769,0.0082383,0.0075011,0.006416,0.0051554,0.0038915,0.0027595,0.0018382,0,0,0,0
0.019152,0.018079,0.016048,0.013394,0.010511,0.0077563,0.0053815,0.0023603,0,0,0,0,0,0,0,0,0,0,0,0.0023603,0.0035433,0.0049968,0.0077346,0.0099121,0.011992,0.013705,0.014806,0.015128,0.014628,0.015543,0.014843,0.014096,0.013462,0.012988,0.01113,0.011305,0.011052,0.0096316,0.0087697,0.0075011,0.0060273,0.0045496,0.0032262,0.0021491,0,0,0,0
0.016557,0.015659,0.013925,0.011644,0.0091542,0.006767,0.0047032,0.0021491,0,0,0,0,0,0,0,0,0,0,0,0.0024352,0.0036557,0.0051554,0.0076204,0.0096867,0.011611,0.013131,0.01402,0.01414,0.013481,0.014516,0.013916,0.013378,0.013035,0.012891,0.011305,0.011765,0.011705,0.010578,0.0096316,0.0082383,0.0066197,0.0049968,0.0035433,0.0023603,0,0,0,0
0.015335,0.014265,0.012508,0.010334,0.0080424,0.0055652,0.0038744,0.0018382,0,0,0,0,0,0,0,0,0,0,0,0.0023603,0.0035433,0.0049968,0.0071464,0.009029,0.010747,0.012055,0.012752,0.012727,0.011992,0.013109,0.012636,0.012301,0.012211,0.012337,0.011052,0.011705,0.011787,0.010914,0.0099373,0.0084999,0.0068298,0.0051554,0.0036557,0.0024352,0,0,0,0
0.013133,0.012063,0.010461,0.0085596,0.0066068,0.0043138,0.0030079,0.0014771,0,0,0,0,0,0,0,0,0,0,0,0.0021491,0.0032262,0.0045496,0.0060273,0.0075011,0.0087697,0.0096316,0.0099373,0.0096316,0.0087697,0.0098614,0.0095706,0.0095465,0.0098459,0.010387,0.0096316,0.010578,0.010914,0.010578,0.0096316,0.0082383,0.0066197,0.0049968,0.0035433,0.0023603,0,0,0,0
0.011407,0.010273,0.0087482,0.0070423,0.0053568,0.0031509,0.0022004,0.0011149,0,0,0,0,0,0,0,0,0,0,0,0.0018382,0.0027595,0.0038915,0.0051554,0.006416,0.0075011,0.0082383,0.0084999,0.0082383,0.0075011,0.0085651,0.0083816,0.0084412,0.0087868,0.0093393,0.0087697,0.0096316,0.0099373,0.0096316,0.0087697,0.0075011,0.0060273,0.0045496,0.0032262,0.0021491,0,0,0,0
0.0088112,0.0076858,0.0063531,0.0049768,0.0036944,0.0016737,0.0011868,0.00079061,0,0,0,0,0,0,0,0,0,0,0,0.0014771,0.0022173,0.0031269,0.0041425,0.0051554,0.0060273,0.0066197,0.0068298,0.0066197,0.0060273,0.0069936,0.006902,0.0070184,0.0073727,0.0078931,0.0075011,0.0082383,0.0084999,0.0082383,0.0075011,0.006416,0.0051554,0.0038915,0.0027595,0.0018382,0,0,0,0
0.0088513,0.0075157,0.0060406,0.0045977,0.0033153,0.0011149,0.00079061,0.00052666,0,0,0,0,0,0,0,0,0,0,0,0.0011149,0.0016737,0.0023603,0.0031269,0.0038915,0.0045496,0.0049968,0.0051554,0.0049968,0.0045496,0.0053686,0.0053442,0.0054872,0.0058162,0.0062704,0.0060273,0.0066197,0.0068298,0.0066197,0.0060273,0.0051554,0.0041425,0.0031269,0.0022173,0.0014771,0,0,0,0
0.0075011,0.0060273,0.0045496,0.0032262,0.0021491,0,0,0,0,0,0,0,0,0,0,0,0,0,0,0.00079061,0.0011868,0.0016737,0.0022173,0.0027595,0.0032262,0.0035433,0.0036557,0.0035433,0.0032262,0.0038744,0.003891,0.004034,0.0043138,0.0046821,0.0045496,0.0049968,0.0051554,0.0049968,0.0045496,0.0038915,0.0031269,0.0023603,0.0016737,0.0011149,0,0,0,0
0.0082383,0.0066197,0.0049968,0.0035433,0.0023603,0,0,0,0,0,0,0,0,0,0,0,0,0,0.00052666,0.0013173,0.0019055,0.002592,0.0033153,0.0039873,0.0045094,0.0047956,0.0047956,0.0045094,0.0039873,0.0041059,0.0037788,0.0035793,0.0035346,0.0032862,0.0032262,0.0035433,0.0036557,0.0035433,0.0032262,0.0027595,0.0022173,0.0016737,0.0011868,0.00079061,0,0,0,0
0.0084999,0.0068298,0.0051554,0.0036557,0.0024352,0,0,0,0,0,0,0,0,0,0,0,0,0,0.00079061,0.0011868,0.0016737,0.0022173,0.0027595,0.0032262,0.0035433,0.0036557,0.0035433,0.0032262,0.0027595,0.002744,0.0024643,0.0023018,0.0022677,0.0018382,0.0021491,0.0023603,0.0024352,0.0023603,0.0021491,0.0018382,0.0014771,0.0011149,0.00079061,0.00052666,0,0,0,0
0.0082383,0.0066197,0.0049968,0.0035433,0.0023603,0,0,0,0,0,0,0,0,0,0,0,0,0,0.0011149,0.0016737,0.0023603,0.0031269,0.0038915,0.0045496,0.0049968,0.0051554,0.0049968,0.0045496,0.0038915,0.0031269,0.0023603,0.0016737,0.0011149,0,0,0,0,0,0,0,0,0,0,0,0,0,0,0
0.0075011,0.0060273,0.0045496,0.0032262,0.0021491,0,0,0,0,0,0,0,0,0,0,0,0,0,0.0014771,0.0022173,0.0031269,0.0041425,0.0051554,0.0060273,0.0066197,0.0068298,0.0066197,0.0060273,0.0051554,0.0041425,0.0031269,0.0022173,0.0014771,0,0,0,0,0,0,0,0,0,0,0,0,0,0,0
0.006416,0.0051554,0.0038915,0.0027595,0.0018382,0,0,0,0,0,0,0,0,0,0,0,0,0,0.0018382,0.0027595,0.0038915,0.0051554,0.006416,0.0075011,0.0082383,0.0084999,0.0082383,0.0075011,0.006416,0.0051554,0.0038915,0.0027595,0.0018382,0,0,0,0,0,0,0,0,0,0,0,0,0,0,0
0.0051554,0.0041425,0.0031269,0.0022173,0.0014771,0,0,0,0,0,0,0,0,0,0,0,0,0,0.0021491,0.0032262,0.0045496,0.0060273,0.0075011,0.0087697,0.0096316,0.0099373,0.0096316,0.0087697,0.0075011,0.0060273,0.0045496,0.0032262,0.0021491,0,0,0,0,0,0,0,0,0,0,0,0,0,0,0
0.0038915,0.0031269,0.0023603,0.0016737,0.0011149,0,0,0,0,0,0,0,0,0,0,0,0,0,0.0023603,0.0035433,0.0049968,0.0066197,0.0082383,0.0096316,0.010578,0.010914,0.010578,0.0096316,0.0082383,0.0066197,0.0049968,0.0035433,0.0023603,0,0,0,0,0,0,0,0,0,0,0,0,0,0,0
0.0027595,0.0022173,0.0016737,0.0011868,0.00079061,0,0,0,0,0,0,0,0,0,0,0,0,0,0.0024352,0.0036557,0.0051554,0.0068298,0.0084999,0.0099373,0.010914,0.01126,0.010914,0.0099373,0.0084999,0.0068298,0.0051554,0.0036557,0.0024352,0,0,0,0,0,0,0,0,0,0,0,0,0,0,0
0.0018382,0.0014771,0.0011149,0.00079061,0.00052666,0,0,0,0,0,0,0,0,0,0,0,0,0,0.0023603,0.0035433,0.0049968,0.0066197,0.0082383,0.0096316,0.010578,0.010914,0.010578,0.0096316,0.0082383,0.0066197,0.0049968,0.0035433,0.0023603,0,0,0,0,0,0,0,0,0,0,0,0,0,0,0
0,0,0,0,0,0,0,0,0,0,0,0,0,0,0,0,0,0,0.0021491,0.0032262,0.0045496,0.0060273,0.0075011,0.0087697,0.0096316,0.0099373,0.0096316,0.0087697,0.0075011,0.0060273,0.0045496,0.0032262,0.0021491,0,0,0,0,0,0,0,0,0,0,0,0,0,0,0
0,0,0,0,0,0,0,0,0,0,0,0,0,0,0,0,0,0,0.0018382,0.0027595,0.0038915,0.0051554,0.006416,0.0075011,0.0082383,0.0084999,0.0082383,0.0075011,0.006416,0.0051554,0.0038915,0.0027595,0.0018382,0,0,0,0,0,0,0,0,0,0,0,0,0,0,0
0,0,0,0,0,0,0,0,0,0,0,0,0,0,0,0,0,0,0.0014771,0.0022173,0.0031269,0.0041425,0.0051554,0.0060273,0.0066197,0.0068298,0.0066197,0.0060273,0.0051554,0.0041425,0.0031269,0.0022173,0.0014771,0,0,0,0,0,0,0,0,0,0,0,0,0,0,0
0,0,0,0,0,0,0,0,0,0,0,0,0,0,0,0,0,0,0.0011149,0.0016737,0.0023603,0.0031269,0.0038915,0.0045496,0.0049968,0.0051554,0.0049968,0.0045496,0.0038915,0.0031269,0.0023603,0.0016737,0.0011149,0,0,0,0,0,0,0,0,0,0,0,0,0,0,0
0,0,0,0,0,0,0,0,0,0,0,0,0,0,0,0,0,0,0.00079061,0.0011868,0.0016737,0.0022173,0.0027595,0.0032262,0.0035433,0.0036557,0.0035433,0.0032262,0.0027595,0.0022173,0.0016737,0.0011868,0.00079061,0,0,0,0,0,0,0,0,0,0,0,0,0,0,0
0,0,0,0,0,0,0,0,0,0,0,0,0,0,0,0,0,0,0.00052666,0.00079061,0.0011149,0.0014771,0.0018382,0.0021491,0.0023603,0.0024352,0.0023603,0.0021491,0.0018382,0.0014771,0.0011149,0.00079061,0.00052666,0,0,0,0,0,0,0,0,0,0,0,0,0,0,0
