0.0023603,0.0031269,0.0038915,0.0045496,0.0049968,0.005946,0.0061837,0.0062234,0.0061088,0.0058864,0.0055865,0.005217,0.0047707,0.0035433,0.0032262,0.0027595,0.0022173,0.0016737,0.0011868,0.00079061,0,0,0,0,0,0,0,0,0,0,0,0,0,0.0011149,0.0016737,0.0023603,0.0031269,0.0038915,0.0045496,0.0049968,0.0051554,0.0049968,0.0045496,0.0038915,0.0031269,0.0023603,0.0016737,0.0011149
0.004109,0.0045776,0.0049086,0.0050644,0.0050203,0.0064123,0.0067982,0.0072281,0.0073635,0.0079471,0.0083725,0.008544,0.0083813,0.0073571,0.0066987,0.0057297,0.004604,0.0034753,0.0024643,0.0016416,0,0,0,0,0,0,0,0,0,0,0,0,0,0.0014771,0.0022173,0.0031269,0.0046692,0.005946,0.0071422,0.0080967,0.008668,0.0087688,0.0083876,0.0075907,0.0065028,0.005276,0.0045822,0.0037447
0.0047707,0.0050203,0.0050644,0.0049086,0.0045776,0.0063766,0.0069513,0.0077404,0.008198,0.009392,0.010368,0.010954,0.011012,0.010163,0.0092535,0.0079149,0.0063598,0.0048006,0.0034042,0.0022677,0,0,0,0,0,0,0,0,0,0,0,0,0,0.0018382,0.0027595,0.0038915,0.005946,0.0076029,0.0091748,0.010456,0.011259,0.011465,0.011044,0.010072,0.0086987,0.0071177,0.0063096,0.0052424
0.0051554,0.0049968,0.0045496,0.0038915,0.0031269,0.0053135,0.0061069,0.0073668,0.0082823,0.010308,0.012051,0.013235,0.013655,0.013235,0.012051,0.010308,0.0082823,0.0062518,0.0044332,0.0029532,0,0,0,0,0,0,0,0,0,0,0,0,0,0.0021491,0.0032262,0.0045496,0.0071422,0.0091748,0.01113,0.012759,0.013829,0.014181,0.013766,0.012657,0.011024,0.0090993,0.0082326,0.0069497
0.0068298,0.0066197,0.0060273,0.0051554,0.0041425,0.0067531,0.0076608,0.0091536,0.01017,0.012657,0.014797,0.016251,0.016767,0.016251,0.014797,0.012657,0.01017,0.0076766,0.0054435,0.0036262,0,0,0,0,0,0,0,0,0,0,0,0,0,0.0023603,0.0035433,0.0049968,0.0080967,0.010456,0.012759,0.014721,0.016069,0.016606,0.016251,0.015068,0.013239,0.011024,0.010176,0.0087201
0.0084999,0.0082383,0.0075011,0.006416,0.0051554,0.0080901,0.0090623,0.010727,0.011775,0.014654,0.017133,0.018817,0.019414,0.018817,0.017133,0.014654,0.011775,0.0088883,0.0063028,0.0041985,0,0,0,0,0,0,0,0,0,0,0,0,0,0.0024352,0.0036557,0.0051554,0.008668,0.011259,0.013829,0.016069,0.017677,0.018415,0.018176,0.017,0.015068,0.012657,0.01191,0.01035
0.0099373,0.0096316,0.0087697,0.0075011,0.0060273,0.009134,0.010108,0.011854,0.012857,0.016001,0.018707,0.020546,0.021198,0.020546,0.018707,0.016001,0.012857,0.0097051,0.0068819,0.0045843,0,0,0,0,0,0,0,0,0,0,0,0,0,0.0023603,0.0035433,0.0049968,0.0087688,0.011465,0.014181,0.016606,0.018415,0.019348,0.019263,0.018176,0.016251,0.013766,0.013193,0.011614
0.010914,0.010578,0.0096316,0.0082383,0.0066197,0.0097175,0.01063,0.012354,0.013239,0.016477,0.019263,0.021156,0.021828,0.021156,0.019263,0.016477,0.013239,0.0099936,0.0070865,0.0047206,0,0,0,0,0,0,0,0,0,0,0,0,0,0.0021491,0.0032262,0.0045496,0.0083876,0.011044,0.013766,0.016251,0.018176,0.019263,0.019348,0.018415,0.016606,0.014181,0.013825,0.012312
0.01126,0.010914,0.0099373,0.0084999,0.0068298,0.0097398,0.010538,0.01214,0.012857,0.016001,0.018707,0.020546,0.021198,0.020546,0.018707,0.016001,0.012857,0.0097051,0.0068819,0.0045843,0,0,0,0,0,0,0,0,0,0,0,0,0,0.0018382,0.0027595,0.0038915,0.0075907,0.010072,0.012657,0.015068,0.017,0.018176,0.018415,0.017677,0.016069,0.013829,0.013695,0.012324
0.010914,0.010578,0.0096316,0.0082383,0.0066197,0.0091954,0.009846,0.011249,0.011775,0.014654,0.017133,0.018817,0.019414,0.018817,0.017133,0.014654,0.011775,0.0088883,0.0063028,0.0041985,0,0,0,0,0,0,0,0,0,0,0,0,0,0.0014771,0.0022173,0.0031269,0.0065028,0.0086987,0.011024,0.013239,0.015068,0.016251,0.016606,0.016069,0.014721,0.012759,0.012816,0.01164
0.0099373,0.0096316,0.0087697,0.0075011,0.0060273,0.0081758,0.0086697,0.0098257,0.01017,0.012657,0.014797,0.016251,0.016767,0.016251,0.014797,0.012657,0.01017,0.0076766,0.0054435,0.0036262,0,0,0,0,0,0,0,0,0,0,0,0,0,0.0011149,0.0016737,0.0023603,0.005276,0.0071177,0.0090993,0.011024,0.012657,0.013766,0.014181,0.013829,0.012759,0.01113,0.011324,0.010368
0.0084999,0.0082383,0.0075011,0.006416,0.0051554,0.0068447,0.0071927,0.0080901,0.0082823,0.010308,0.012051,0.013235,0.013655,0.013235,0.012051,0.010308,0.0082823,0.0062518,0.0044332,0.0029532,0,0,0,0,0,0,0,0,0,0,0,0,0,0.00079061,0.0011868,0.0016737,0.0040555,0.005519,0.0071177,0.0086987,0.010072,0.011044,0.011465,0.011259,0.010456,0.0091748,0.0094411,0.0087055
0.0068298,0.0066197,0.006554,0.005946,0.0052574,0.0068716,0.0074597,0.0084268,0.0087201,0.01035,0.011614,0.012312,0.012324,0.01164,0.010368,0.0087055,0.0068865,0.0048006,0.0034042,0.0022677,0,0,0,0,0,0,0,0,0,0,0,0,0,0.00052666,0.00079061,0.0011149,0.0029541,0.0040555,0.005276,0.0065028,0.0075907,0.0083876,0.0087688,0.008668,0.0080967,0.0071422,0.0074231,0.0068865
0.0051554,0.0049968,0.0053403,0.0050784,0.0048006,0.0062192,0.0068975,0.0078164,0.0081472,0.0093855,0.010242,0.010583,0.01035,0.0095745,0.0083725,0.0069166,0.0053946,0.0034753,0.0024643,0.0016416,0,0,0,0,0,0,0,0,0,0,0,0,0,0,0,0,0.0011149,0.0016737,0.0023603,0.0031269,0.0038915,0.0045496,0.0049968,0.0051554,0.0049968,0.0045496,0.0050065,0.0048006
0.0036557,0.0035433,0.0043411,0.0044332,0.0045776,0.0055913,0.0062652,0.007014,0.0072141,0.0079149,0.008223,0.0080929,0.0075473,0.0066702,0.0055865,0.0044332,0.0033323,0.0016737,0.0011868,0.00079061,0,0,0,0,0,0,0,0,0,0,0,0,0,0,0.00052666,0.00079061,0.0019055,0.0026639,0.0035119,0.0043664,0.0051198,0.0056614,0.0059036,0.0058048,0.0053815,0.0047032,0.004665,0.0041948
0.0024352,0.0023603,0.0036262,0.0040555,0.004604,0.0057841,0.0067366,0.0076689,0.0080967,0.008668,0.0087688,0.0083876,0.0075907,0.0065028,0.005276,0.0040555,0.0029541,0.0011149,0.00079061,0.00052666,0,0,0,0,0,0,0,0,0,0,0,0,0,0,0.00079061,0.0011868,0.0022004,0.0030079,0.0038744,0.0047032,0.0053815,0.0058048,0.0059036,0.0056614,0.0051198,0.0043664,0.0040386,0.0034545
0,0,0.0018382,0.0027595,0.0038915,0.0051554,0.006416,0.0075011,0.0082383,0.0084999,0.0082383,0.0075011,0.006416,0.0051554,0.0038915,0.0027595,0.0018382,0,0,0,0,0,0,0,0,0,0,0,0,0,0,0,0,0,0.0011149,0.0016737,0.0023603,0.0031269,0.0038915,0.0045496,0.0049968,0.0051554,0.0049968,0.0045496,0.0038915,0.0031269,0.0023603,0.0016737
0,0,0.0021491,0.0032262,0.0045496,0.0060273,0.0075011,0.0087697,0.0096316,0.0099373,0.0096316,0.0087697,0.0075011,0.0060273,0.0045496,0.0032262,0.0021491,0,0,0,0,0,0,0,0,0,0,0,0,0,0,0,0,0,0.0014771,0.0022173,0.0031269,0.0041425,0.0051554,0.0060273,0.0066197,0.0068298,0.0066197,0.0060273,0.0051554,0.0041425,0.0031269,0.0022173
0,0,0.0023603,0.0035433,0.0049968,0.0066197,0.0082383,0.0096316,0.010578,0.010914,0.010578,0.0096316,0.0082383,0.0066197,0.0049968,0.0035433,0.0023603,0,0,0,0,0,0,0,0,0,0,0,0,0,0,0,0,0,0.0018382,0.0027595,0.0038915,0.0051554,0.006416,0.0075011,0.0082383,0.0084999,0.0082383,0.0075011,0.006416,0.0051554,0.0038915,0.0027595
0,0,0.0024352,0.0036557,0.0051554,0.0068298,0.0084999,0.0099373,0.010914,0.01126,0.010914,0.0099373,0.0084999,0.0068298,0.0051554,0.0036557,0.0024352,0,0,0,0,0,0,0,0,0,0,0,0,0,0,0,0,0,0.0021491,0.0032262,0.0045496,0.0060273,0.0075011,0.0087697,0.0096316,0.0099373,0.0096316,0.0087697,0.0075011,0.0060273,0.0045496,0.0032262
0,0,0.0023603,0.0035433,0.0049968,0.0066197,0.0082383,0.0096316,0.010578,0.010914,0.010578,0.0096316,0.0082383,0.0066197,0.0049968,0.0035433,0.0023603,0,0,0,0,0,0,0,0,0,0,0,0,0,0,0,0,0,0.0023603,0.0035433,0.0049968,0.0066197,0.0082383,0.0096316,0.010578,0.010914,0.010578,0.0096316,0.0082383,0.0066197,0.0049968,0.0035433
0,0,0.0021491,0.0032262,0.0045496,0.0060273,0.0075011,0.0087697,0.0096316,0.0099373,0.0096316,0.0087697,0.0075011,0.0060273,0.0045496,0.0032262,0.0021491,0,0,0,0,0,0,0,0,0,0,0,0,0,0,0,0,0,0.0024352,0.0036557,0.0051554,0.0068298,0.0084999,0.0099373,0.010914,0.01126,0.010914,0.0099373,0.0084999,0.0068298,0.0051554,0.0036557
0,0,0.0018382,0.0027595,0.0038915,0.0051554,0.006416,0.0075011,0.0082383,0.0084999,0.0082383,0.0075011,0.006416,0.0051554,0.0038915,0.0027595,0.0018382,0,0,0,0,0,0,0,0,0,0,0,0,0,0,0,0,0,0.0023603,0.0035433,0.0049968,0.0066197,0.0082383,0.0096316,0.010578,0.010914,0.010578,0.0096316,0.0082383,0.0066197,0.0049968,0.0035433
0,0,0.0014771,0.0022173,0.0031269,0.0041425,0.0051554,0.0060273,0.0066197,0.0068298,0.0066197,0.0060273,0.0051554,0.0041425,0.0031269,0.0022173,0.0014771,0,0,0,0,0,0,0,0,0,0,0,0,0,0,0,0,0,0.0021491,0.0032262,0.0045496,0.0060273,0.0075011,0.0087697,0.0096316,0.0099373,0.0096316,0.0087697,0.0075011,0.0060273,0.0045496,0.0032262
0,0,0.0011149,0.0016737,0.0023603,0.0031269,0.0038915,0.0045496,0.0049968,0.0051554,0.0049968,0.0045496,0.0038915,0.0031269,0.0023603,0.0016737,0.0011149,0,0,0,0,0,0,0,0,0,0,0,0,0,0,0,0,0,0.0018382,0.0027595,0.0038915,0.0051554,0.006416,0.0075011,0.0082383,0.0084999,0.0082383,0.0075011,0.006416,0.0051554,0.0038915,0.0027595
0,0,0.00079061,0.0011868,0.0016737,0.0022173,0.0027595,0.0032262,0.0035433,0.0036557,0.0035433,0.0032262,0.0027595,0.0022173,0.0016737,0.0011868,0.00079061,0,0,0,0,0,0,0,0,0,0,0,0,0,0,0,0,0,0.0014771,0.0022173,0.0031269,0.0041425,0.0051554,0.0060273,0.0066197,0.0068298,0.0066197,0.0060273,0.0051554,0.0041425,0.0031269,0.0022173
0,0,0.00052666,0.00079061,0.0011149,0.0014771,0.0018382,0.0021491,0.0023603,0.0024352,0.0023603,0.0021491,0.0018382,0.0014771,0.0011149,0.00079061,0.00052666,0,0,0,0,0,0,0,0,0,0,0,0,0,0,0,0,0,0.0011149,0.0016737,0.0023603,0.0031269,0.0038915,0.0045496,0.0049968,0.0051554,0.0049968,0.0045496,0.0038915,0.0031269,0.0023603,0.0016737
0,0,0,0,0,0,0,0,0,0,0,0,0,0,0,0,0,0,0,0,0,0,0,0,0,0,0,0,0,0,0,0,0,0,0.00079061,0.0011868,0.0016737,0.0022173,0.0027595,0.0032262,0.0035433,0.0036557,0.0035433,0.0032262,0.0027595,0.0022173,0.0016737,0.0011868
0,0,0,0,0,0,0,0,0,0,0,0,0,0,0,0,0,0,0,0,0,0,0,0,0,0,0,0,0,0,0,0,0,0,0.00052666,0.00079061,0.0011149,0.0014771,0.0018382,0.0021491,0.0023603,0.0024352,0.0023603,0.0021491,0.0018382,0.0014771,0.0011149,0.00079061
0,0,0,0,0,0,0,0,0,0,0,0,0,0,0,0,0,0,0,0,0,0,0,0,0,0,0,0,0,0,0,0,0,0,0,0,0,0,0,0,0,0,0,0,0,0,0,0
0,0,0,0,0,0,0,0,0,0,0,0,0,0,0,0,0,0,0,0,0,0,0,0,0,0,0,0,0,0,0,0,0,0,0,0,0,0,0,0,0,0,0,0,0,0,0,0
0,0,0,0,0,0,0,0,0,0,0,0,0,0,0,0,0,0,0,0,0,0,0,0,0,0,0,0,0,0,0,0,0,0,0,0,0,0,0,0,0,0,0,0,0,0,0,0
