0,0,0,0,0,0,0.0023603,0.0035433,0.0049968,0.0066197,0.0082383,0.0096316,0.011369,0.012101,0.012252,0.011849,0.010998,0.0098459,0.0085401,0.007199,0.0059036,0.0050644,0.005519,0.0061088,0.0068291,0.0099632,0.01427,0.016891,0.020275,0.023307,0.025633,0.026932,0.026983,0.02573,0.023305,0.020014,0.01512,0.011827,0.0086987,0.0060161,0.0024352,0,0,0,0,0,0,0
0,0,0.00052666,0.00079061,0.0011149,0.0014771,0.0039873,0.0053753,0.00691,0.0084625,0.0098614,0.010919,0.011996,0.012205,0.011861,0.011037,0.009866,0.0081764,0.00691,0.0056614,0.0045094,0.0036262,0.0040555,0.004604,0.0052574,0.0083813,0.01257,0.015318,0.018656,0.021739,0.024203,0.025701,0.025981,0.024955,0.022733,0.019609,0.015068,0.011775,0.0086525,0.0059785,0.0023603,0,0,0,0,0,0,0
0,0,0.00079061,0.0011868,0.0016737,0.0022173,0.0045977,0.0059857,0.0074348,0.0088112,0.0099593,0.010727,0.010998,0.010717,0.0099121,0.0086879,0.0072066,0.0051554,0.0038915,0.0027595,0.0018382,0.0011149,0.0016737,0.0023603,0.0031269,0.0062518,0.010242,0.01322,0.016325,0.019262,0.021682,0.023239,0.023673,0.022876,0.020937,0.018123,0.014121,0.011024,0.0080929,0.0055865,0.0021491,0,0,0,0,0,0,0
0,0,0.0011149,0.0016737,0.0023603,0.0031269,0.0053686,0.006767,0.0081237,0.0092979,0.010152,0.010577,0.010511,0.0099567,0.00898,0.007701,0.0062704,0.0041425,0.0031269,0.0022173,0.0014771,0.00079061,0.0011868,0.0016737,0.0022173,0.0049086,0.0082906,0.010852,0.013575,0.0162,0.018412,0.019892,0.020393,0.019805,0.018195,0.015793,0.012443,0.0097051,0.0071177,0.0049086,0.0018382,0,0,0,0,0,0,0
0,0,0.0014771,0.0022173,0.0031269,0.0041425,0.0062704,0.007701,0.00898,0.0099567,0.010511,0.010577,0.010152,0.0092979,0.0081237,0.006767,0.0053686,0.0031269,0.0023603,0.0016737,0.0011149,0.00052666,0.00079061,0.0011149,0.0014771,0.0036764,0.0063857,0.0084692,0.010718,0.012919,0.014806,0.016104,0.016597,0.016183,0.014911,0.01297,0.010311,0.008034,0.0058864,0.0040555,0.0014771,0,0,0,0,0,0,0
0,0,0.0018382,0.0027595,0.0038915,0.0051554,0.0072066,0.0086879,0.0099121,0.010717,0.010998,0.010727,0.0099593,0.0088112,0.0074348,0.0059857,0.0045977,0.0022173,0.0016737,0.0011868,0.00079061,0,0,0,0,0.0014771,0.0033323,0.0048006,0.0065028,0.0082823,0.0099188,0.011169,0.011827,0.011775,0.011024,0.0097051,0.008034,0.0062538,0.0045776,0.0031508,0.0011149,0,0,0,0,0,0,0
0,0,0.0021491,0.0032262,0.0045496,0.0060273,0.0080278,0.0095603,0.010747,0.011414,0.01147,0.010919,0.0098614,0.0084625,0.00691,0.0053753,0.0039873,0.0014771,0.0011149,0.00079061,0.00052666,0.00052666,0.00079061,0.0011149,0.0014771,0.0029532,0.0046134,0.0059075,0.0072359,0.0084692,0.0094582,0.010061,0.010176,0.0097675,0.0088835,0.0076444,0.0058864,0.0045776,0.0033474,0.0023018,0.00079061,0,0,0,0,0,0,0
0,0,0.0023603,0.0035433,0.0049968,0.0066197,0.0082383,0.0096316,0.010578,0.010914,0.010578,0.0096316,0.0082383,0.0066197,0.0049968,0.0035433,0.0023603,0,0,0,0,0.00079061,0.0011868,0.0016737,0.0022173,0.0035501,0.0049397,0.0060076,0.006988,0.0077798,0.0082906,0.0084519,0.0082334,0.0076522,0.0067734,0.0056992,0.0040555,0.0031508,0.0023018,0.0015812,0.00052666,0,0,0,0,0,0,0
0,0,0.0024352,0.0036557,0.0051554,0.0068298,0.0084999,0.0099373,0.010914,0.01126,0.010914,0.0099373,0.0084999,0.0068298,0.0051554,0.0036557,0.0024352,0,0,0,0,0.0011149,0.0016737,0.0023603,0.0031269,0.0044182,0.0053403,0.0061117,0.0066325,0.006835,0.0066987,0.0062518,0.0055622,0.0047206,0.0038228,0.0029532,0.0014771,0.0011149,0.00079061,0.00052666,0,0,0,0,0,0,0,0
0,0,0.0023603,0.0035433,0.0049968,0.0066197,0.0082383,0.0096316,0.010578,0.010914,0.010578,0.0096316,0.0082383,0.0066197,0.0049968,0.0035433,0.0023603,0,0,0,0,0.0014771,0.0022173,0.0031269,0.0041425,0.0051554,0.0060273,0.0066197,0.0068298,0.0066197,0.0060273,0.0051554,0.0041425,0.0031269,0.0022173,0.0014771,0,0,0,0,0,0,0,0,0,0,0,0
0,0,0.0021491,0.0032262,0.0045496,0.0060273,0.0075011,0.0087697,0.0096316,0.0099373,0.0096316,0.0087697,0.0075011,0.0060273,0.0045496,0.0032262,0.0021491,0,0,0,0,0.0018382,0.0027595,0.0038915,0.0051554,0.006416,0.0075011,0.0082383,0.0084999,0.0082383,0.0075011,0.006416,0.0051554,0.0038915,0.0027595,0.0018382,0,0,0,0,0,0,0,0,0,0,0,0
0,0,0.0018382,0.0027595,0.0038915,0.0051554,0.006416,0.0075011,0.0082383,0.0084999,0.0082383,0.0075011,0.006416,0.0051554,0.0038915,0.0027595,0.0018382,0,0,0,0,0.0021491,0.0032262,0.0045496,0.0060273,0.0075011,0.0087697,0.0096316,0.0099373,0.0096316,0.0087697,0.0075011,0.0060273,0.0045496,0.0032262,0.0021491,0,0,0,0,0,0,0,0,0,0,0,0
0,0,0.0014771,0.0022173,0.0031269,0.0041425,0.0051554,0.0060273,0.0066197,0.0068298,0.0066197,0.0060273,0.0051554,0.0041425,0.0031269,0.0022173,0.0014771,0,0,0,0,0.0023603,0.0035433,0.0049968,0.0066197,0.0082383,0.0096316,0.010578,0.010914,0.010578,0.0096316,0.0082383,0.0066197,0.0049968,0.0035433,0.0023603,0,0,0,0,0,0,0,0,0,0,0,0
0,0,0.0011149,0.0016737,0.0023603,0.0031269,0.0038915,0.0045496,0.0049968,0.0051554,0.0049968,0.0045496,0.0038915,0.0031269,0.0023603,0.0016737,0.0011149,0,0,0,0,0.0024352,0.0036557,0.0051554,0.0068298,0.0084999,0.0099373,0.010914,0.01126,0.010914,0.0099373,0.0084999,0.0068298,0.0051554,0.0036557,0.0024352,0,0,0,0,0,0,0,0,0,0,0,0
0,0,0.00079061,0.0011868,0.0016737,0.0022173,0.0027595,0.0032262,0.0035433,0.0036557,0.0035433,0.0032262,0.0027595,0.0022173,0.0016737,0.0011868,0.00079061,0,0,0,0,0.0023603,0.0035433,0.0049968,0.0066197,0.0082383,0.0096316,0.010578,0.010914,0.010578,0.0096316,0.0082383,0.0066197,0.0049968,0.0035433,0.0023603,0,0,0,0,0,0,0,0,0,0,0,0
0,0,0.00052666,0.00079061,0.0011149,0.0014771,0.0018382,0.0021491,0.0023603,0.0024352,0.0023603,0.0021491,0.0018382,0.0014771,0.0011149,0.00079061,0.00052666,0,0,0,0,0.0021491,0.0032262,0.0045496,0.0060273,0.0075011,0.0087697,0.0096316,0.0099373,0.0096316,0.0087697,0.0075011,0.0060273,0.0045496,0.0032262,0.0021491,0,0,0,0,0,0,0,0,0,0,0,0
0,0,0,0,0,0,0,0,0,0,0,0,0,0,0,0,0,0,0,0,0,0.0018382,0.0027595,0.0038915,0.0051554,0.006416,0.0075011,0.0082383,0.0084999,0.0082383,0.0075011,0.006416,0.0051554,0.0038915,0.0027595,0.0018382,0,0,0,0,0,0,0,0,0,0,0,0
0,0,0,0,0,0,0,0,0,0,0,0,0,0,0,0,0,0,0,0,0,0.0014771,0.0022173,0.0031269,0.0041425,0.0051554,0.0060273,0.0066197,0.0068298,0.0066197,0.0060273,0.0051554,0.0041425,0.0031269,0.0022173,0.0014771,0,0,0,0,0,0,0,0,0,0,0,0
0,0,0,0,0,0,0,0,0,0,0,0,0,0,0,0,0,0,0,0,0,0.0011149,0.0016737,0.0023603,0.0031269,0.0038915,0.0045496,0.0049968,0.0051554,0.0049968,0.0045496,0.0038915,0.0031269,0.0023603,0.0016737,0.0011149,0,0,0,0,0,0,0,0,0,0,0,0
0,0,0,0,0,0,0,0,0,0,0,0,0,0,0,0,0,0,0,0,0,0.00079061,0.0011868,0.0016737,0.0022173,0.0027595,0.0032262,0.0035433,0.0036557,0.0035433,0.0032262,0.0027595,0.0022173,0.0016737,0.0011868,0.00079061,0,0,0,0,0,0,0,0,0,0,0,0
0,0,0,0,0,0,0,0,0,0,0,0,0,0,0,0,0,0,0,0,0,0.00052666,0.00079061,0.0011149,0.0014771,0.0018382,0.0021491,0.0023603,0.0024352,0.0023603,0.0021491,0.0018382,0.0014771,0.0011149,0.00079061,0.00052666,0,0,0,0,0,0,0,0,0,0,0,0
0,0,0,0,0,0,0,0,0,0,0,0,0,0,0,0,0,0,0,0,0,0,0,0,0,0,0,0,0,0,0,0,0,0,0,0,0,0,0,0,0,0,0,0,0,0,0,0
0,0,0,0,0,0,0,0,0,0,0,0,0,0,0,0,0,0,0,0,0,0,0,0,0,0,0,0,0,0,0,0,0,0,0,0,0,0,0,0,0,0,0,0,0,0,0,0
0,0,0,0,0,0,0,0,0,0,0,0,0,0,0,0,0,0,0,0,0,0,0,0,0,0,0,0,0,0,0,0,0,0,0,0,0,0,0,0,0,0,0,0,0,0,0,0
0,0,0,0,0,0,0,0,0,0,0,0,0,0,0,0,0,0,0,0,0,0,0,0,0,0,0,0,0,0,0,0,0,0,0,0,0,0,0,0,0,0,0,0,0,0,0,0
0,0,0,0,0,0,0,0,0,0,0,0,0,0,0,0,0,0,0,0,0,0,0,0,0,0,0,0,0,0,0,0,0,0,0,0,0,0,0,0,0,0,0,0,0,0,0,0
0,0,0,0,0,0,0,0,0,0,0,0,0,0,0,0,0,0,0,0,0,0,0,0,0,0,0,0,0,0,0,0,0,0,0,0,0,0,0,0,0,0,0,0,0,0,0,0
0,0,0,0,0,0,0,0,0,0,0,0,0,0,0,0,0,0,0,0,0,0,0,0,0,0,0,0,0,0,0,0,0,0,0,0,0,0,0,0,0,0,0,0,0,0,0,0
0,0,0,0,0,0,0,0,0,0,0,0,0,0,0,0,0,0,0,0,0,0,0,0,0,0,0,0,0,0,0,0,0,0,0,0,0,0,0,0,0,0,0,0,0,0,0,0
0,0,0,0,0,0,0,0,0,0,0,0,0,0,0,0,0,0,0,0,0,0,0,0,0,0,0,0,0,0,0,0,0,0,0,0,0,0,0,0,0,0,0,0,0,0,0,0
0,0,0,0,0,0,0,0,0,0,0,0,0,0,0,0,0,0,0,0,0,0,0,0,0,0,0,0,0,0,0,0,0,0,0,0,0,0,0,0,0,0,0,0,0,0,0,0
0,0,0,0,0,0,0,0,0,0,0,0,0,0,0,0,0,0,0,0,0,0,0,0,0,0,0,0,0,0,0,0,0,0,0,0,0,0,0,0,0,0,0,0,0,0,0,0
