0,0,0,0,0,0,0.00079061,0.0011868,0.0016737,0.0022173,0.0027595,0.0032262,0.0035433,0.0036557,0.0035433,0.0032262,0.0027595,0.0022173,0.0016737,0.0019775,0.0019775,0.0016737,0.0022173,0.0027595,0.0032262,0.0035433,0.0036557,0.0035433,0.0032262,0.0027595,0.0022173,0.0016737,0.0011868,0.00079061,0,0,0,0,0,0,0,0,0,0,0,0,0,0
0,0,0,0,0,0,0.0011149,0.0016737,0.0023603,0.0031269,0.0038915,0.0045496,0.0049968,0.0051554,0.0049968,0.0045496,0.0038915,0.0031269,0.0023603,0.0022004,0.0019055,0.0011149,0.0014771,0.0018382,0.0021491,0.0023603,0.0024352,0.0023603,0.0021491,0.0018382,0.0014771,0.0011149,0.00079061,0.00052666,0,0,0,0,0,0,0,0,0,0,0,0,0,0
0,0,0,0,0,0,0.0014771,0.0022173,0.0031269,0.0041425,0.0051554,0.0060273,0.0066197,0.0068298,0.0071464,0.0068179,0.0062704,0.0056196,0.0049651,0.0043664,0.0038374,0.0024352,0.0023603,0.0021491,0.0018382,0.0014771,0.0011149,0.00079061,0.00052666,0,0,0,0,0,0,0,0,0,0,0,0,0,0,0,0,0,0,0
0,0,0,0,0,0,0.0018382,0.0027595,0.0038915,0.0051554,0.006416,0.0075011,0.0082383,0.0084999,0.009029,0.0086879,0.0080897,0.0073727,0.006651,0.0059857,0.0053815,0.0036557,0.0035433,0.0032262,0.0027595,0.0022173,0.0016737,0.0011868,0.00079061,0,0,0,0,0,0,0,0,0,0,0,0,0,0,0,0,0,0,0
0.00079061,0.0011149,0.0014771,0.0018382,0.0021491,0.0023603,0.0045843,0.0055865,0.0066987,0.0078655,0.0089781,0.0098846,0.010422,0.010464,0.010747,0.010443,0.0098614,0.0091542,0.0084412,0.0077758,0.0071459,0.0051554,0.0049968,0.0045496,0.0038915,0.0031269,0.0023603,0.0016737,0.0011149,0,0,0,0,0,0,0,0,0,0,0,0,0,0,0,0,0,0,0
0.0011868,0.0016737,0.0022173,0.0027595,0.0032262,0.0035433,0.0060161,0.0070865,0.008223,0.0093792,0.010456,0.011305,0.011765,0.011705,0.012055,0.011849,0.011365,0.010762,0.010152,0.0095706,0.00898,0.0068298,0.0066197,0.0060273,0.0051554,0.0041425,0.0031269,0.0022173,0.0014771,0,0,0,0,0,0,0,0,0,0,0,0,0,0,0,0,0,0,0
0.0016737,0.0023603,0.0031269,0.0038915,0.0045496,0.0049968,0.0075907,0.0086525,0.0097051,0.010721,0.011627,0.012298,0.012588,0.012375,0.012752,0.012697,0.012391,0.011985,0.011571,0.011157,0.010674,0.0084999,0.0082383,0.0075011,0.006416,0.0051554,0.0038915,0.0027595,0.0018382,0,0,0,0,0,0,0,0,0,0,0,0,0,0,0,0,0,0,0
0.0022173,0.0031269,0.0041425,0.0051554,0.0060273,0.0066197,0.0091901,0.010163,0.011024,0.011775,0.012381,0.012759,0.012796,0.012391,0.012727,0.012858,0.012788,0.012647,0.012498,0.012313,0.011992,0.0099373,0.0096316,0.0087697,0.0075011,0.0060273,0.0045496,0.0032262,0.0021491,0,0,0,0,0,0,0,0,0,0,0,0.00052666,0.00079061,0.0011149,0.0014771,0.0018382,0.0021491,0.0023603,0.0024352
0.0027595,0.0038915,0.0051554,0.006416,0.0075011,0.0082383,0.010649,0.011465,0.012051,0.012443,0.012657,0.012661,0.012391,0.011776,0.011992,0.012313,0.012498,0.012647,0.012788,0.012858,0.012727,0.010914,0.010578,0.0096316,0.0082383,0.0066197,0.0049968,0.0035433,0.0023603,0,0,0,0,0,0,0,0,0,0,0,0.00079061,0.0011868,0.0016737,0.0022173,0.0027595,0.0032262,0.0035433,0.0036557
0.0032262,0.0045496,0.0060273,0.0075011,0.0087697,0.0096316,0.011776,0.012391,0.012661,0.012657,0.012443,0.012051,0.011465,0.010649,0.010674,0.011157,0.011571,0.011985,0.012391,0.012697,0.012752,0.01126,0.010914,0.0099373,0.0084999,0.0068298,0.0051554,0.0036557,0.0024352,0,0,0,0,0,0,0,0,0,0,0,0.0011149,0.0016737,0.0023603,0.0031269,0.0038915,0.0045496,0.0049968,0.0051554
0.0035433,0.0049968,0.0066197,0.0082383,0.0096316,0.010578,0.012391,0.012796,0.012759,0.012381,0.011775,0.011551,0.010954,0.010832,0.011248,0.012524,0.013778,0.014961,0.01595,0.01657,0.01664,0.015113,0.014204,0.012585,0.010506,0.0082613,0.0057874,0.0040699,0.0023603,0,0,0,0,0,0,0,0,0,0,0,0.0014771,0.0022173,0.0031269,0.0041425,0.0051554,0.0060273,0.0066197,0.0068298
0.0036557,0.0051554,0.0068298,0.0084999,0.0099373,0.010914,0.012375,0.012588,0.012298,0.011627,0.010721,0.010496,0.0098394,0.010055,0.01055,0.012209,0.013885,0.015457,0.016743,0.01753,0.017628,0.01624,0.015075,0.013203,0.010905,0.0084916,0.0057365,0.0040168,0.0021491,0,0,0,0,0,0,0,0,0,0,0,0.0018382,0.0027595,0.0038915,0.0051554,0.006416,0.0075011,0.0082383,0.0084999
0.0035433,0.0049968,0.0066197,0.0082383,0.0096316,0.010578,0.011705,0.011765,0.011305,0.010456,0.0093792,0.0093379,0.0087603,0.0094913,0.010182,0.012238,0.014328,0.016261,0.017795,0.018682,0.018734,0.017388,0.015915,0.013753,0.011217,0.0086307,0.0055652,0.0038744,0.0018382,0,0,0,0,0,0,0,0,0,0,0,0.0021491,0.0032262,0.0045496,0.0060273,0.0075011,0.0087697,0.0096316,0.0099373
0.0055865,0.0069849,0.0083876,0.0096502,0.010608,0.011109,0.011579,0.011213,0.010411,0.0089781,0.0078655,0.0081758,0.0078038,0.0091883,0.010197,0.012649,0.015135,0.017395,0.019127,0.020057,0.020003,0.018605,0.016789,0.01431,0.011515,0.0087465,0.0053442,0.0036944,0.0014771,0,0,0,0,0,0,0,0,0,0,0,0.0023603,0.0035433,0.0049968,0.0066197,0.0082383,0.0096316,0.010578,0.010914
0.0063028,0.0075473,0.0086987,0.0096422,0.010261,0.010456,0.010174,0.0094252,0.0082917,0.006416,0.0051554,0.0057297,0.005519,0.007568,0.0090299,0.011981,0.015017,0.017781,0.019892,0.021026,0.020998,0.01981,0.017653,0.014857,0.011806,0.0088567,0.0051198,0.0035119,0.0011149,0,0,0,0,0,0,0,0,0,0,0,0.0024352,0.0036557,0.0051554,0.0068298,0.0084999,0.0099373,0.010914,0.01126
0.0072141,0.0082823,0.0091393,0.0097051,0.0099188,0.0097466,0.0091901,0.0082934,0.0071422,0.0051554,0.0041425,0.005276,0.0054435,0.0081758,0.010044,0.013238,0.016471,0.01935,0.021467,0.022489,0.02225,0.020788,0.01834,0.015277,0.012013,0.0089161,0.0048999,0.0033359,0.00079061,0,0,0,0,0,0,0,0,0,0,0,0.0023603,0.0035433,0.0049968,0.0066197,0.0082383,0.0096316,0.010578,0.010914
0.0082934,0.0091901,0.0097466,0.0099188,0.0097051,0.0091393,0.0082823,0.0072141,0.0060267,0.0038915,0.0031269,0.0047206,0.005217,0.0084721,0.01069,0.014026,0.017366,0.020294,0.022384,0.023306,0.022906,0.021252,0.018612,0.015384,0.012001,0.0088342,0.0046582,0.0031509,0.00052666,0,0,0,0,0,0,0,0,0,0,0,0.0021491,0.0032262,0.0045496,0.0060273,0.0075011,0.0087697,0.0096316,0.0099373
0.0094252,0.010174,0.010456,0.010261,0.0096422,0.0086987,0.0075473,0.0063028,0.0050644,0.0027595,0.0022173,0.004109,0.0048426,0.0083813,0.010486,0.013655,0.016767,0.019414,0.021198,0.021828,0.021198,0.019414,0.016767,0.013655,0.010486,0.0075907,0.0036557,0.0024352,0,0,0,0,0,0,0,0,0,0,0,0,0.0018382,0.0027595,0.0038915,0.0051554,0.006416,0.0075011,0.0082383,0.0084999
0.010422,0.011052,0.011109,0.010608,0.0096502,0.0083876,0.0069849,0.0055865,0.0042982,0.0018382,0.0014771,0.0034753,0.0043339,0.0078838,0.010163,0.013235,0.016251,0.018817,0.020546,0.021156,0.020546,0.018817,0.016251,0.013235,0.010163,0.0073571,0.0035433,0.0023603,0,0,0,0,0,0,0,0,0,0,0,0,0.0014771,0.0022173,0.0031269,0.0041425,0.0051554,0.0060273,0.0066197,0.0068298
0.010578,0.010914,0.010578,0.0096316,0.0082383,0.0066197,0.0049968,0.0035433,0.0023603,0,0,0.0021491,0.0032262,0.0066987,0.0092535,0.012051,0.014797,0.017133,0.018707,0.019263,0.018707,0.017133,0.014797,0.012051,0.0092535,0.0066987,0.0032262,0.0021491,0,0,0,0,0,0,0,0,0,0,0,0,0.0011149,0.0016737,0.0023603,0.0031269,0.0038915,0.0045496,0.0049968,0.0051554
0.010914,0.01126,0.010914,0.0099373,0.0084999,0.0068298,0.0051554,0.0036557,0.0024352,0,0,0.0018382,0.0027595,0.0057297,0.0079149,0.010308,0.012657,0.014654,0.016001,0.016477,0.016001,0.014654,0.012657,0.010308,0.0079149,0.0057297,0.0027595,0.0018382,0,0,0,0,0,0,0,0,0,0,0,0,0.00079061,0.0011868,0.0016737,0.0022173,0.0027595,0.0032262,0.0035433,0.0036557
0.010578,0.010914,0.010578,0.0096316,0.0082383,0.0066197,0.0049968,0.0035433,0.0023603,0,0,0.0014771,0.0022173,0.004604,0.0063598,0.0082823,0.01017,0.011775,0.012857,0.013239,0.012857,0.011775,0.01017,0.0082823,0.0063598,0.004604,0.0022173,0.0014771,0,0,0,0,0,0,0,0,0,0,0,0,0.00052666,0.00079061,0.0011149,0.0014771,0.0018382,0.0021491,0.0023603,0.0024352
0.0096316,0.0099373,0.0096316,0.0087697,0.0075011,0.0060273,0.0045496,0.0032262,0.0026758,0.00079061,0.0011149,0.002592,0.0035119,0.0056244,0.007161,0.0086871,0.010037,0.011037,0.011543,0.011471,0.01082,0.0096789,0.0082032,0.0062518,0.0048006,0.0034753,0.0016737,0.0011149,0,0,0,0,0,0,0,0,0,0,0,0,0,0,0,0,0,0,0,0
0.0082383,0.0084999,0.0082383,0.0075011,0.006416,0.0051554,0.0038915,0.0027595,0.0026288,0.0011868,0.0016737,0.0030079,0.0039463,0.0056905,0.0069474,0.008089,0.0089868,0.0095289,0.0096414,0.0093039,0.0085556,0.0074896,0.0062341,0.0044332,0.0034042,0.0024643,0.0011868,0.00079061,0,0,0,0,0,0,0,0,0,0,0,0,0,0,0,0,0,0,0,0
0.0066197,0.0068298,0.0066197,0.0060273,0.0051554,0.0041425,0.0031269,0.0022173,0.002592,0.0016737,0.0023603,0.0036536,0.0046821,0.0061912,0.0072645,0.0081086,0.008623,0.0087482,0.0084759,0.0078476,0.0069447,0.0058723,0.0047411,0.0029532,0.0022677,0.0016416,0.00079061,0.00052666,0,0,0,0,0,0,0,0,0,0,0,0,0,0,0,0,0,0,0,0
0.0049968,0.0051554,0.0049968,0.0045496,0.0038915,0.0031269,0.0023603,0.0016737,0.002592,0.0022173,0.0031269,0.0041425,0.0051554,0.0060273,0.0066197,0.0068298,0.0066197,0.0060273,0.0051554,0.0041425,0.0031269,0.0022173,0.0014771,0,0,0,0,0,0,0,0,0,0,0,0,0,0,0,0,0,0,0,0,0,0,0,0,0
0.0035433,0.0036557,0.0035433,0.0032262,0.0027595,0.0022173,0.0016737,0.0011868,0.0026288,0.0027595,0.0038915,0.0051554,0.006416,0.0075011,0.0082383,0.0084999,0.0082383,0.0075011,0.006416,0.0051554,0.0038915,0.0027595,0.0018382,0,0,0,0,0,0,0,0,0,0,0,0,0,0,0,0,0,0,0,0,0,0,0,0,0
0.0023603,0.0024352,0.0023603,0.0021491,0.0018382,0.0014771,0.0011149,0.00079061,0.0026758,0.0032262,0.0045496,0.0060273,0.0075011,0.0087697,0.0096316,0.0099373,0.0096316,0.0087697,0.0075011,0.0060273,0.0045496,0.0032262,0.0021491,0,0,0,0,0,0,0,0,0,0,0,0,0,0,0,0,0,0,0,0,0,0,0,0,0
0,0,0,0,0,0,0,0,0.0023603,0.0035433,0.0049968,0.0066197,0.0082383,0.0096316,0.010578,0.010914,0.010578,0.0096316,0.0082383,0.0066197,0.0049968,0.0035433,0.0023603,0,0,0,0,0,0,0,0,0,0,0,0,0,0,0,0,0,0,0,0,0,0,0,0,0
0,0,0,0,0,0,0,0,0.0024352,0.0036557,0.0051554,0.0068298,0.0084999,0.0099373,0.010914,0.01126,0.010914,0.0099373,0.0084999,0.0068298,0.0051554,0.0036557,0.0024352,0,0,0,0,0,0,0,0,0,0,0,0,0,0,0,0,0,0,0,0,0,0,0,0,0
0,0,0,0,0,0,0,0,0.0023603,0.0035433,0.0049968,0.0066197,0.0082383,0.0096316,0.010578,0.010914,0.010578,0.0096316,0.0082383,0.0066197,0.0049968,0.0035433,0.0023603,0,0,0,0,0,0,0,0,0,0,0,0,0,0,0,0,0,0,0,0,0,0,0,0,0
0,0,0,0,0,0,0,0,0.0021491,0.0032262,0.0045496,0.0060273,0.0075011,0.0087697,0.0096316,0.0099373,0.0096316,0.0087697,0.0075011,0.0060273,0.0045496,0.0032262,0.0021491,0,0,0,0,0,0,0,0,0,0,0,0,0,0,0,0,0,0,0,0,0,0,0,0,0
