0.0045496,0.0049968,0.0075907,0.0086525,0.0097051,0.010721,0.011627,0.012298,0.012588,0.012375,0.010914,0.012298,0.012043,0.011827,0.011775,0.011894,0.012067,0.010578,0.010914,0.010578,0.0096316,0.0082383,0.0066197,0.0049968,0.0035433,0.0023603,0,0,0,0,0,0,0,0,0,0,0,0,0,0,0,0,0,0,0,0,0,0
0.0060273,0.0066197,0.0091901,0.010163,0.011024,0.011775,0.012381,0.012759,0.012796,0.012391,0.010578,0.012067,0.011894,0.011775,0.011827,0.012043,0.012298,0.010914,0.01126,0.010914,0.0099373,0.0084999,0.0068298,0.0051554,0.0036557,0.0024352,0,0,0,0,0,0,0,0,0,0,0,0,0,0,0,0,0,0,0,0,0,0
0.0075011,0.0082383,0.010649,0.011465,0.012051,0.012443,0.012657,0.012661,0.012391,0.011776,0.0096316,0.01113,0.011044,0.011024,0.011169,0.011465,0.011781,0.010578,0.010914,0.010578,0.0096316,0.0082383,0.0066197,0.0049968,0.0035433,0.0023603,0,0,0,0,0,0,0,0,0,0,0,0,0,0,0,0,0,0,0,0,0,0
0.0087697,0.0096316,0.011776,0.012391,0.012661,0.012657,0.012443,0.012051,0.011465,0.010649,0.0082383,0.0096502,0.0096422,0.0097051,0.0099188,0.010261,0.010608,0.0096316,0.0099373,0.0096316,0.0087697,0.0075011,0.0060273,0.0045496,0.0032262,0.0021491,0,0,0,0,0,0.00052666,0.00079061,0.0011149,0.0014771,0.0018382,0.0021491,0.0023603,0.0024352,0.0023603,0.0021491,0.0018382,0.0014771,0.0011149,0.00079061,0.00052666,0,0
0.0096316,0.010578,0.012391,0.012796,0.012759,0.012381,0.011775,0.011024,0.010163,0.0091901,0.0066197,0.0078655,0.0079149,0.008034,0.0082823,0.0086333,0.0089781,0.0082383,0.0084999,0.0082383,0.0075011,0.006416,0.0051554,0.0038915,0.0027595,0.0018382,0,0,0,0,0,0.00079061,0.0011868,0.0016737,0.0022173,0.0027595,0.0032262,0.0035433,0.0036557,0.0035433,0.0032262,0.0027595,0.0022173,0.0016737,0.0011868,0.00079061,0,0
0.011414,0.012029,0.013166,0.013114,0.012298,0.011627,0.010721,0.0097051,0.0086525,0.0075907,0.0049968,0.0060267,0.0061088,0.0062538,0.0065028,0.0068291,0.0071422,0.0066197,0.0068298,0.0066197,0.0060273,0.0051554,0.0041425,0.0031269,0.0022173,0.0014771,0,0,0,0,0,0.0011149,0.0016737,0.0023603,0.0031269,0.0038915,0.0045496,0.0049968,0.0051554,0.0049968,0.0045496,0.0038915,0.0031269,0.0023603,0.0016737,0.0011149,0,0
0.011849,0.012252,0.012891,0.012556,0.011305,0.010456,0.0093792,0.008223,0.0070865,0.0060161,0.0035433,0.0043411,0.0044332,0.0045776,0.0048006,0.0050784,0.0053403,0.0049968,0.0051554,0.0049968,0.0045496,0.0038915,0.0031269,0.0023603,0.0016737,0.0011149,0,0,0,0,0,0.0014771,0.0022173,0.0031269,0.0041425,0.0051554,0.0060273,0.0066197,0.0068298,0.0066197,0.0060273,0.0051554,0.0041425,0.0031269,0.0022173,0.0014771,0,0
0.012423,0.012783,0.013253,0.013014,0.012249,0.011918,0.011341,0.010611,0.0097851,0.0088825,0.0065589,0.006852,0.0065003,0.0060905,0.0056971,0.0050272,0.0048678,0.0043339,0.0041824,0.0035433,0.0032262,0.0027595,0.0022173,0.0016737,0.0011868,0.00079061,0,0,0,0,0,0.0018382,0.0027595,0.0038915,0.0051554,0.006416,0.0075011,0.0082383,0.0084999,0.0082383,0.0075011,0.006416,0.0051554,0.0038915,0.0027595,0.0018382,0,0
0.012434,0.012552,0.012391,0.011933,0.011051,0.010829,0.010372,0.0097646,0.0090623,0.0082906,0.0063028,0.0063997,0.0060076,0.005528,0.0050272,0.0040555,0.0038228,0.0035472,0.0032259,0.0023603,0.0021491,0.0018382,0.0014771,0.0011149,0.00079061,0.00052666,0,0,0,0,0,0.0021491,0.0032262,0.0045496,0.0060273,0.0075011,0.0087697,0.0096316,0.0099373,0.0096316,0.0087697,0.0075011,0.0060273,0.0045496,0.0032262,0.0021491,0,0
0.012298,0.012185,0.01195,0.011585,0.011034,0.011379,0.0115,0.011409,0.011106,0.010576,0.0088883,0.0082823,0.0073571,0.0062234,0.0050065,0.0031269,0.0023603,0.0016737,0.0011149,0,0,0,0,0,0,0,0,0,0,0,0,0.0023603,0.0035433,0.0049968,0.0066197,0.0082383,0.0096316,0.010578,0.010914,0.010578,0.0096316,0.0082383,0.0066197,0.0049968,0.0035433,0.0023603,0,0
0.012054,0.011764,0.011509,0.011288,0.011182,0.012136,0.012874,0.013333,0.013449,0.01317,0.011775,0.010972,0.0097466,0.0082446,0.0066325,0.0041425,0.0031269,0.0022173,0.0014771,0,0,0,0,0,0,0,0,0,0,0,0,0.0024352,0.0036557,0.0051554,0.0068298,0.0084999,0.0099373,0.010914,0.01126,0.010914,0.0099373,0.0084999,0.0068298,0.0051554,0.0036557,0.0024352,0,0
0.011684,0.0113,0.011091,0.011059,0.01148,0.01302,0.014347,0.015329,0.015841,0.015793,0.014654,0.013655,0.01213,0.010261,0.0082542,0.0051554,0.0038915,0.0027595,0.0018382,0,0,0,0,0,0,0,0,0,0,0,0,0.0023603,0.0035433,0.0049968,0.0066197,0.0082383,0.0096316,0.010578,0.010914,0.010578,0.0096316,0.0082383,0.0066197,0.0049968,0.0035433,0.0023603,0,0
0.011128,0.010742,0.010641,0.010823,0.011799,0.013834,0.015658,0.01708,0.017923,0.018066,0.017133,0.015965,0.014181,0.011996,0.0096502,0.0060273,0.0045496,0.0032262,0.0021491,0,0,0,0,0,0,0,0,0,0,0,0,0.0021491,0.0032262,0.0045496,0.0060273,0.0075011,0.0087697,0.0096316,0.0099373,0.0096316,0.0087697,0.0075011,0.0060273,0.0045496,0.0032262,0.0021491,0,0
0.00898,0.0085401,0.0085401,0.00898,0.010599,0.013175,0.015575,0.017534,0.018817,0.019263,0.018817,0.017534,0.015575,0.013175,0.010599,0.0066197,0.0049968,0.0035433,0.0023603,0,0,0,0,0,0,0,0,0,0,0,0,0.0018382,0.0027595,0.0038915,0.0051554,0.006416,0.0075011,0.0082383,0.0084999,0.0082383,0.0075011,0.006416,0.0051554,0.0038915,0.0027595,0.0018382,0,0
0.0084625,0.0082054,0.0083816,0.0089789,0.010935,0.013593,0.016069,0.01809,0.019414,0.019875,0.019414,0.01809,0.016069,0.013593,0.010935,0.0068298,0.0051554,0.0036557,0.0024352,0,0,0,0,0,0,0,0,0,0,0,0,0.0014771,0.0022173,0.0031269,0.0041425,0.0051554,0.0060273,0.0066197,0.0068298,0.0066197,0.0060273,0.0051554,0.0041425,0.0031269,0.0022173,0.0014771,0,0
0.0075157,0.0074348,0.0077563,0.0084579,0.010599,0.013175,0.015575,0.017534,0.018817,0.019263,0.018817,0.017534,0.015575,0.013175,0.010599,0.0066197,0.0049968,0.0035433,0.0023603,0,0,0,0,0,0,0,0,0,0,0,0,0.0011149,0.0016737,0.0023603,0.0031269,0.0038915,0.0045496,0.0049968,0.0051554,0.0049968,0.0045496,0.0038915,0.0031269,0.0023603,0.0016737,0.0011149,0,0
0.0062916,0.0063531,0.006767,0.0075044,0.0096502,0.011996,0.014181,0.015965,0.017133,0.017539,0.017133,0.015965,0.014181,0.011996,0.0096502,0.0060273,0.0045496,0.0032262,0.0021491,0,0,0,0,0,0,0,0,0,0,0,0,0.00079061,0.0011868,0.0016737,0.0022173,0.0027595,0.0032262,0.0035433,0.0036557,0.0035433,0.0032262,0.0027595,0.0022173,0.0016737,0.0011868,0.00079061,0,0
0.0049651,0.0051198,0.0055652,0.0062704,0.0082542,0.010261,0.01213,0.013655,0.014654,0.015002,0.014654,0.013655,0.01213,0.010261,0.0082542,0.0051554,0.0038915,0.0027595,0.0018382,0,0,0,0,0,0,0,0,0,0,0,0,0.00052666,0.00079061,0.0011149,0.0014771,0.0018382,0.0021491,0.0023603,0.0024352,0.0023603,0.0021491,0.0018382,0.0014771,0.0011149,0.00079061,0.00052666,0,0
0.0036944,0.003891,0.0043138,0.0049331,0.0066325,0.0082446,0.0097466,0.010972,0.011775,0.012055,0.011775,0.010972,0.0097466,0.0082446,0.0066325,0.0041425,0.0031269,0.0022173,0.0014771,0,0,0,0,0,0,0,0,0,0,0,0,0,0,0,0,0,0,0,0,0,0,0,0,0,0,0,0,0
0.004069,0.0046269,0.0053,0.0060139,0.0074417,0.0085837,0.0095062,0.010121,0.010365,0.010214,0.0096789,0.008809,0.0073571,0.0062234,0.0050065,0.0031269,0.0023603,0.0016737,0.0011149,0,0,0,0,0,0,0,0,0,0,0,0,0,0,0,0,0,0,0,0,0,0,0,0,0,0,0,0,0
0.0030079,0.0039463,0.0048999,0.0057606,0.0072059,0.0079563,0.0084432,0.0086326,0.0085201,0.0081261,0.0074896,0.0066637,0.005217,0.004413,0.0035501,0.0022173,0.0016737,0.0011868,0.00079061,0,0,0,0,0,0,0,0,0,0,0,0,0,0,0,0,0,0,0,0,0,0,0,0,0,0,0,0,0
0.0036536,0.0046821,0.0056646,0.0064739,0.0075203,0.0079365,0.0080249,0.0078038,0.0073255,0.0066585,0.0058723,0.0050272,0.0034753,0.0029397,0.0023649,0.0014771,0.0011149,0.00079061,0.00052666,0,0,0,0,0,0,0,0,0,0,0,0,0,0,0,0,0,0,0,0,0,0,0,0,0,0,0,0,0
0.0041425,0.0051554,0.0060273,0.0066197,0.0068298,0.0066197,0.0060273,0.0051554,0.0041425,0.0031269,0.0022173,0.0014771,0,0,0,0,0,0,0,0,0,0,0,0,0,0,0,0,0,0,0,0,0,0,0,0,0,0,0,0,0,0,0,0,0,0,0,0
0.0051554,0.006416,0.0075011,0.0082383,0.0084999,0.0082383,0.0075011,0.006416,0.0051554,0.0038915,0.0027595,0.0018382,0,0,0,0,0,0,0,0,0,0,0,0,0,0,0,0,0,0,0,0,0,0,0,0,0,0,0,0,0,0,0,0,0,0,0,0
0.0060273,0.0075011,0.0087697,0.0096316,0.0099373,0.0096316,0.0087697,0.0075011,0.0060273,0.0045496,0.0032262,0.0021491,0,0,0,0,0,0,0,0,0,0,0,0,0,0,0,0,0,0,0,0,0,0,0,0,0,0,0,0,0,0,0,0,0,0,0,0
0.0066197,0.0082383,0.0096316,0.010578,0.010914,0.010578,0.0096316,0.0082383,0.0066197,0.0049968,0.0035433,0.0023603,0,0,0,0,0,0,0,0,0,0,0,0,0,0,0,0,0,0,0,0,0,0,0,0,0,0,0,0,0,0,0,0,0,0,0,0
0.0068298,0.0084999,0.0099373,0.010914,0.01126,0.010914,0.0099373,0.0084999,0.0068298,0.0051554,0.0036557,0.0024352,0,0,0,0,0,0,0,0,0,0,0,0,0,0,0,0,0,0,0,0,0,0,0,0,0,0,0,0,0,0,0,0,0,0,0,0
0.0066197,0.0082383,0.0096316,0.010578,0.010914,0.010578,0.0096316,0.0082383,0.0066197,0.0049968,0.0035433,0.0023603,0,0,0,0,0,0,0,0,0,0,0,0,0,0,0,0,0,0,0,0,0,0,0,0,0,0,0,0,0,0,0,0,0,0,0,0
0.0060273,0.0075011,0.0087697,0.0096316,0.0099373,0.0096316,0.0087697,0.0075011,0.0060273,0.0045496,0.0032262,0.0021491,0,0,0,0,0,0,0,0,0,0,0,0,0,0,0,0,0,0,0,0,0,0,0,0,0,0,0,0,0,0,0,0,0,0,0,0
0.0051554,0.006416,0.0075011,0.0082383,0.0084999,0.0082383,0.0075011,0.006416,0.0051554,0.0038915,0.0027595,0.0018382,0,0,0,0,0,0,0,0,0,0,0,0,0,0,0,0,0,0,0,0,0,0,0,0,0,0,0,0,0,0,0,0,0,0,0,0
0.0041425,0.0051554,0.0060273,0.0066197,0.0068298,0.0066197,0.0060273,0.0051554,0.0041425,0.0031269,0.0022173,0.0014771,0,0,0,0,0,0,0,0,0,0,0,0,0,0,0,0,0,0,0,0,0,0,0,0,0,0,0,0,0,0,0,0,0,0,0,0
0.0031269,0.0038915,0.0045496,0.0049968,0.0051554,0.0049968,0.0045496,0.0038915,0.0031269,0.0023603,0.0016737,0.0011149,0,0,0,0,0,0,0,0,0,0,0,0,0,0,0,0,0,0,0,0,0,0,0,0,0,0,0,0,0,0,0,0,0,0,0,0
