0,0,0,0,0,0,0,0,0,0,0,0,0,0,0,0,0,0,0,0,0,0,0,0,0,0,0,0,0,0,0,0,0.0024352,0.0036557,0.0051554,0.0068298,0.0084999,0.0099373,0.010914,0.01126,0.010914,0.0099373,0.0084999,0.0068298,0.0051554,0.0036557,0.0024352,0
0,0,0,0,0,0,0,0,0,0,0,0,0,0,0,0,0,0,0,0,0,0,0,0,0,0,0,0,0,0,0,0,0.0023603,0.0035433,0.0049968,0.0066197,0.0082383,0.0096316,0.010578,0.010914,0.010578,0.0096316,0.0082383,0.0066197,0.0049968,0.0035433,0.0023603,0
0,0,0,0,0,0,0,0,0,0,0,0,0,0,0,0,0,0,0,0,0,0,0,0,0,0,0,0,0,0,0,0,0.0021491,0.0032262,0.0045496,0.0060273,0.0075011,0.0087697,0.0096316,0.0099373,0.0096316,0.0087697,0.0075011,0.0060273,0.0045496,0.0032262,0.0021491,0
0,0,0,0,0,0,0,0,0,0,0,0,0,0.00052666,0.00079061,0.0011149,0.0014771,0.0018382,0.0021491,0.0023603,0.0024352,0.0023603,0.0021491,0.0018382,0.0014771,0.0011149,0.00079061,0.00052666,0,0,0,0,0.0018382,0.0027595,0.0038915,0.0051554,0.006416,0.0075011,0.0082383,0.0084999,0.0082383,0.0075011,0.006416,0.0051554,0.0038915,0.0027595,0.0018382,0
0,0,0,0,0,0,0,0,0,0,0,0,0.00052666,0.0015812,0.0023018,0.0031508,0.0040555,0.0049086,0.0055865,0.0059785,0.0060161,0.0056924,0.0050644,0.0042366,0.0033323,0.0024643,0.0017135,0.00079061,0,0,0,0,0.0014771,0.0022173,0.0031269,0.0041425,0.0051554,0.0060273,0.0066197,0.0068298,0.0066197,0.0060273,0.0051554,0.0041425,0.0031269,0.0022173,0.0014771,0
0,0,0,0,0,0,0,0,0,0,0,0,0.00079061,0.0023018,0.0033474,0.0045776,0.0058864,0.0071177,0.0080929,0.0086525,0.0086987,0.008223,0.0073091,0.0061088,0.0048006,0.0035472,0.0024643,0.0011149,0,0,0,0,0.0011149,0.0016737,0.0023603,0.0031269,0.0038915,0.0045496,0.0049968,0.0051554,0.0049968,0.0045496,0.0038915,0.0031269,0.0023603,0.0016737,0.0011149,0
0,0,0,0,0,0,0,0,0,0,0,0,0.0011149,0.0031508,0.0045776,0.0062538,0.008034,0.0097051,0.011024,0.011775,0.011827,0.011169,0.0099188,0.0082823,0.0065028,0.0048006,0.0033323,0.0014771,0,0,0,0,0.00079061,0.0011868,0.0016737,0.0022173,0.0027595,0.0032262,0.0035433,0.0036557,0.0035433,0.0032262,0.0027595,0.0022173,0.0016737,0.0011868,0.00079061,0
0,0,0,0,0,0,0,0,0,0,0,0,0.0014771,0.0040555,0.0058864,0.008034,0.010311,0.012443,0.014121,0.015068,0.01512,0.014266,0.012657,0.010559,0.0082823,0.0061088,0.0042366,0.0018382,0,0,0,0,0.00052666,0.00079061,0.0011149,0.0014771,0.0018382,0.0021491,0.0023603,0.0024352,0.0023603,0.0021491,0.0018382,0.0014771,0.0011149,0.00079061,0.00052666,0
0.00052666,0,0,0,0,0,0,0,0,0,0,0,0.0018382,0.0049086,0.0071177,0.0097051,0.012443,0.015002,0.017008,0.018131,0.018176,0.017133,0.015186,0.012657,0.0099188,0.0073091,0.0050644,0.0021491,0,0,0,0,0,0,0,0,0,0,0,0,0,0,0,0,0,0,0,0
0.00079061,0,0,0,0,0,0,0,0,0,0,0,0.0021491,0.0055865,0.0080929,0.011024,0.014121,0.017008,0.019263,0.020516,0.021072,0.020139,0.018248,0.015743,0.013008,0.010372,0.0080527,0.0047956,0.0023603,0.0021491,0.0018382,0.0014771,0.0011149,0.00079061,0.00052666,0,0,0,0,0,0,0,0,0,0,0,0,0
0.002592,0.0018382,0.0021491,0.0023603,0.0024352,0.0023603,0.0021491,0.0018382,0.0014771,0.0011149,0.00079061,0.00052666,0.0023603,0.0059785,0.0086525,0.011775,0.015068,0.018131,0.020516,0.021828,0.022629,0.021732,0.019849,0.017337,0.014586,0.011925,0.0095593,0.006091,0.0035433,0.0032262,0.0027595,0.0022173,0.0016737,0.0011868,0.00079061,0,0,0,0,0,0,0,0,0,0,0,0,0
0.0036944,0.0027595,0.0032262,0.0035433,0.0036557,0.0035433,0.0032262,0.0027595,0.0022173,0.0016737,0.0011868,0.00079061,0.0024352,0.0060161,0.0086987,0.011827,0.01512,0.018176,0.020546,0.021839,0.022943,0.022189,0.020492,0.018195,0.015667,0.013202,0.010975,0.0075157,0.0049968,0.0045496,0.0038915,0.0031269,0.0023603,0.0016737,0.0011149,0,0,0,0,0,0,0,0,0,0,0,0,0
0.0049651,0.0038915,0.0045496,0.0049968,0.0051554,0.0049968,0.0045496,0.0038915,0.0031269,0.0023603,0.0016737,0.0011149,0.0023603,0.0056924,0.008223,0.011169,0.014266,0.017133,0.019348,0.020546,0.021993,0.021481,0.020135,0.01879,0.01697,0.015235,0.013683,0.010817,0.0087688,0.0083876,0.0075907,0.0065028,0.005276,0.0040555,0.0029541,0.0011149,0.00079061,0.00052666,0,0,0,0,0,0,0,0,0,0
0.0062916,0.0051554,0.0060273,0.0066197,0.0068298,0.0066197,0.0060273,0.0051554,0.0041425,0.0031269,0.0022173,0.0014771,0.0021491,0.0050644,0.0073091,0.0099188,0.012657,0.015186,0.017133,0.018176,0.01997,0.019768,0.018894,0.018389,0.017308,0.016293,0.015364,0.013098,0.011465,0.011044,0.010072,0.0086987,0.0076444,0.0063096,0.0051705,0.0031508,0.0030251,0.0029397,0.0023603,0.0029619,0.0031509,0.003264,0.0033153,0.0033153,0.003264,0.0031509,0.0029619,0.0023603
0.0075157,0.006416,0.0075011,0.0082383,0.0084999,0.0082383,0.0075011,0.006416,0.0051554,0.0038915,0.0027595,0.0018382,0.0018382,0.0042366,0.0061088,0.0082823,0.010559,0.012657,0.014266,0.01512,0.017217,0.017347,0.016993,0.017453,0.017209,0.017016,0.016814,0.015306,0.014181,0.013766,0.012657,0.011024,0.0098899,0.0083045,0.0069497,0.0045776,0.0044332,0.0043411,0.0035433,0.0044464,0.0047301,0.0048999,0.0049768,0.0049768,0.0048999,0.0047301,0.0044464,0.0035433
0.0084625,0.0075011,0.0087697,0.0096316,0.0099373,0.0096316,0.0087697,0.0075011,0.0060273,0.0045496,0.0032262,0.0021491,0.0014771,0.0033323,0.0048006,0.0065028,0.0082823,0.0099188,0.011169,0.011827,0.014135,0.014567,0.014702,0.016131,0.01671,0.017336,0.017872,0.017184,0.016606,0.016251,0.015068,0.013239,0.012139,0.010372,0.0088631,0.0062538,0.0061088,0.0060267,0.0049968,0.0062704,0.0066705,0.00691,0.0070184,0.0070184,0.00691,0.0066705,0.0062704,0.0049968
0.00898,0.0082383,0.0096316,0.010578,0.010914,0.010578,0.0096316,0.0082383,0.0066197,0.0049968,0.0035433,0.0023603,0.0011149,0.0024643,0.0035472,0.0048006,0.0061088,0.0073091,0.008223,0.0086987,0.011088,0.011749,0.012273,0.014554,0.015837,0.017176,0.018371,0.018467,0.018415,0.018176,0.017,0.015068,0.014134,0.012289,0.010718,0.008034,0.0079149,0.0078655,0.0066197,0.0083069,0.008837,0.0091542,0.0092979,0.0092979,0.0091542,0.008837,0.0083069,0.0066197
0.0089789,0.0084999,0.0099373,0.010914,0.01126,0.010914,0.0099373,0.0084999,0.0068298,0.0051554,0.0036557,0.0024352,0.00079061,0.0017135,0.0024643,0.0033323,0.0042366,0.0050644,0.0056924,0.0060161,0.0083388,0.0091298,0.0099054,0.012824,0.014615,0.016483,0.018187,0.018942,0.019348,0.019263,0.018176,0.016251,0.015605,0.013804,0.012279,0.0097051,0.0096422,0.0096502,0.0082383,0.010338,0.010998,0.011393,0.011571,0.011571,0.011393,0.010998,0.010338,0.0082383
0.0084579,0.0082383,0.0096316,0.010578,0.010914,0.010578,0.0096316,0.0082383,0.0066197,0.0049968,0.0035433,0.0023603,0.00052666,0.00079061,0.0011149,0.0014771,0.0018382,0.0021491,0.0023603,0.0024352,0.0045094,0.0053753,0.0063879,0.0098647,0.012159,0.014557,0.016778,0.018176,0.019263,0.019348,0.018415,0.016606,0.01633,0.014691,0.013318,0.011024,0.011044,0.01113,0.0096316,0.012086,0.012858,0.013319,0.013528,0.013528,0.013319,0.012858,0.012086,0.0096316
0.0075044,0.0075011,0.0087697,0.0096316,0.0099373,0.0096316,0.0087697,0.0075011,0.0060273,0.0045496,0.0032262,0.0021491,0,0,0,0,0,0,0,0,0.0018382,0.0027595,0.0038915,0.0075907,0.010072,0.012657,0.015068,0.017,0.018176,0.018415,0.017677,0.016069,0.016189,0.014803,0.013665,0.011775,0.011894,0.012067,0.010578,0.013274,0.014122,0.014628,0.014858,0.014858,0.014628,0.014122,0.013274,0.010578
0.0062704,0.006416,0.0075011,0.0082383,0.0084999,0.0082383,0.0075011,0.006416,0.0051554,0.0038915,0.0027595,0.0018382,0,0,0,0,0,0,0,0,0.0014771,0.0022173,0.0031269,0.0065028,0.0086987,0.011024,0.013239,0.015068,0.016251,0.016606,0.016069,0.014721,0.015194,0.014111,0.013252,0.011827,0.012043,0.012298,0.010914,0.013696,0.01457,0.015093,0.01533,0.01533,0.015093,0.01457,0.013696,0.010914
0.0049331,0.0051554,0.0060273,0.0066197,0.0068298,0.0066197,0.0060273,0.0051554,0.0041425,0.0031269,0.0022173,0.0014771,0,0,0,0,0,0,0,0,0.0011149,0.0016737,0.0023603,0.005276,0.0071177,0.0090993,0.011024,0.012657,0.013766,0.014181,0.013829,0.012759,0.01349,0.012718,0.012139,0.011169,0.011465,0.011781,0.010578,0.013274,0.014122,0.014628,0.014858,0.014858,0.014628,0.014122,0.013274,0.010578
0.0036536,0.0038915,0.0045496,0.0049968,0.0051554,0.0049968,0.0045496,0.0038915,0.0031269,0.0023603,0.0016737,0.0011149,0,0,0,0,0,0,0,0,0.00079061,0.0011868,0.0016737,0.0040555,0.005519,0.0071177,0.0086987,0.010072,0.011044,0.011465,0.011259,0.010456,0.011324,0.010829,0.010496,0.0099188,0.010261,0.010608,0.0096316,0.012086,0.012858,0.013319,0.013528,0.013528,0.013319,0.012858,0.012086,0.0096316
0.0022173,0.0027595,0.0032262,0.0035433,0.0036557,0.0035433,0.0032262,0.0027595,0.0022173,0.0016737,0.0011868,0.00079061,0,0,0,0,0,0,0,0,0.00052666,0.00079061,0.0011149,0.0029541,0.0040555,0.005276,0.0065028,0.0075907,0.0083876,0.0087688,0.008668,0.0080967,0.0089805,0.0087055,0.0085607,0.0082823,0.0086333,0.0089781,0.0082383,0.010338,0.010998,0.011393,0.011571,0.011571,0.011393,0.010998,0.010338,0.0082383
0.0014771,0.0018382,0.0021491,0.0023603,0.0024352,0.0023603,0.0021491,0.0018382,0.0014771,0.0011149,0.00079061,0.00052666,0,0,0,0,0,0,0,0,0,0,0,0.0011149,0.0016737,0.0023603,0.0031269,0.0038915,0.0045496,0.0049968,0.0051554,0.0049968,0.0060267,0.0061088,0.0062538,0.0065028,0.0068291,0.0071422,0.0066197,0.0083069,0.008837,0.0091542,0.0092979,0.0092979,0.0091542,0.008837,0.0083069,0.0066197
0,0,0,0,0,0,0,0,0,0,0,0,0,0,0,0,0,0,0,0,0,0,0,0.00079061,0.0011868,0.0016737,0.0022173,0.0027595,0.0032262,0.0035433,0.0036557,0.0035433,0.0043411,0.0044332,0.0045776,0.0048006,0.0050784,0.0053403,0.0049968,0.0062704,0.0066705,0.00691,0.0070184,0.0070184,0.00691,0.0066705,0.0062704,0.0049968
0,0,0,0,0,0,0,0,0,0,0,0,0,0,0,0,0,0,0,0,0,0,0,0.00052666,0.00079061,0.0011149,0.0014771,0.0018382,0.0021491,0.0023603,0.0024352,0.0023603,0.0029397,0.0030251,0.0031508,0.0033323,0.0035501,0.0037528,0.0035433,0.0044464,0.0047301,0.0048999,0.0049768,0.0049768,0.0048999,0.0047301,0.0044464,0.0035433
0,0,0,0,0,0,0,0,0,0,0,0,0,0,0,0,0,0,0,0,0,0,0,0,0,0,0,0,0,0,0,0,0.00052666,0.00079061,0.0011149,0.0014771,0.0018382,0.0021491,0.0023603,0.0029619,0.0031509,0.003264,0.0033153,0.0033153,0.003264,0.0031509,0.0029619,0.0023603
0,0,0,0,0,0,0,0,0,0,0,0,0,0,0,0,0,0,0,0,0,0,0,0,0,0,0,0,0,0,0,0,0,0,0,0,0,0,0,0,0,0,0,0,0,0,0,0
0,0,0,0,0,0,0,0,0,0,0,0,0,0,0,0,0,0,0,0,0,0,0,0,0,0,0,0,0,0,0,0,0,0,0,0,0,0,0,0,0,0,0,0,0,0,0,0
0,0,0,0,0,0,0,0,0,0,0,0,0,0,0,0,0,0,0,0,0,0,0,0,0,0,0,0,0,0,0,0,0,0,0,0,0,0,0,0,0,0,0,0,0,0,0,0
0,0,0,0,0,0,0,0,0,0,0,0,0,0,0,0,0,0,0,0,0,0,0,0,0,0,0,0,0,0,0,0,0,0,0,0,0,0,0,0,0,0,0,0,0,0,0,0
