0,0,0,0,0,0,0,0.0014771,0.0018382,0.0021491,0,0,0,0,0,0,0,0,0,0,0,0,0,0,0,0,0,0,0,0,0,0,0,0,0,0,0,0,0,0,0,0,0,0,0,0,0,0
0,0,0,0,0,0.0011868,0.0016737,0.0022173,0.0027595,0.0032262,0.0035433,0.0036557,0,0,0,0,0,0,0,0,0,0,0,0,0,0,0,0,1,0,0,0,0,0,0,0,0,0,0,0,0,0,0,0,0,0,0,0
0,0,0,0,0.0011149,0.0016737,0.0023603,0.0031269,0.0038915,0.0045496,0.0049968,0.0051554,0.0049968,0,0,0,0,0,0,0,0,0,0,0,0,0,0,0,0,0,0,0,0,0,0,0,0,0,0,0,0,0,0,0,0,0,0,0
0,0,0,0,0.0014771,0.0022173,0.0031269,0.0041425,0.0051554,0.0060273,0.0066197,0.0068298,0.0066197,0.0060273,0.0051554,0,0,0,0,0,0,0,0,0,0,0,0,0,0,0,0,0,0,0,0,0,0,0,0,0,0,0,0,0,0,0,0,0
0,0,0,0,0.0018382,0.0027595,0.0038915,0.0051554,0.006416,0.0075011,0.0082383,0.0084999,0.0082383,0.0075011,0.006416,0.0051554,0,0,0,0,0,0,0,0,0,0,0,0,0,0,0,0,0,0,0,0,0,0,0,0,0,0,0,0,0,0,0,0
0,0,0,0,0.0021491,0.0032262,0.0045496,0.0060273,0.0075011,0.0087697,0.0096316,0.0099373,0.0096316,0.0087697,0.0075011,0.0060273,0.0045496,0.0032262,0,0,0,0,0,0,0,0,0,0,0,0,0,0,0,0,0,0,0,0,0,0,0,0,0,0,0,0,0,0
0,0,0,0,0.0023603,0.0035433,0.0049968,0.0066197,0.0082383,0.0096316,0.010578,0.010914,0.010578,0.0096316,0.0082383,0.0066197,0.0049968,0.0035433,0.0023603,0,0,0,0,0,0,0,0,0,0,0,0,0,0,0,0,0,0,0,0,0,0,0,0,0,0,0,0,0
0,0,0,0,0.0024352,0.0036557,0.0051554,0.0068298,0.0084999,0.0099373,0.010914,0.01126,0.010914,0.0099373,0.0084999,0.0068298,0.0051554,0.0036557,0.0024352,0,0,0,0,0,0,0,0,0,0,0,0,0,0,0,0,0,0,0,0,0,0,0,0,0,0,0,0,0
0,0,0,0,0.0023603,0.0035433,0.0049968,0.0066197,0.0082383,0.0096316,0.010578,0.010914,0.010578,0.0096316,0.0082383,0.0066197,0.0049968,0.0035433,0.0023603,0,0,0.00052666,0.00079061,0,0,0,0,0,0,0,0,0,0,0,0,0,0,0,0,0,0,0,0,0,0,0,0,0
0,0,0,0,0.0021491,0.0032262,0.0045496,0.0060273,0.0075011,0.0087697,0.0096316,0.0099373,0.0096316,0.0087697,0.0075011,0.0060273,0.0045496,0.0032262,0.0021491,0,0,0,0,0,0,0,0,0,0,0,0,0,0,0,0,0,0,0,0,0,0,0,0,0,0,0,0,0
0,0,0,0,0.0018382,0.0027595,0.0038915,0.0051554,0.006416,0.0075011,0.0082383,0.0084999,0.0082383,0.0075011,0.006416,0.0051554,0.0038915,0.0027595,0.0018382,0,0,0,0,0,0,0.0023603,0,0,0,0,0,0,0,0,0,0,0,0,0,0,0,0,0,0,0,0,0,0
0.00079061,0.00052666,0,0,0.0014771,0.0022173,0.0031269,0.0041425,0.0051554,0.0060273,0.0066197,0.0068298,0.0066197,0.0060273,0.0051554,0.0041425,0.0031269,0.0022173,0.0014771,0,0,0,0,0,0,0.0024352,0.0036557,0,0,0,0,0,1,0,0,0,0,0,0,0,0,0,0,0,0,0,0,0
0.0033359,0.0031509,0.0024352,0.0023603,0.003264,0.0035119,0.0038374,0.0042419,0.0046821,0.0050763,0.0049968,0.0051554,0.0049968,0.0045496,0.0038915,0.0031269,0.0023603,0.0016737,0.0011149,0,0,0,0,0,0,0.0023603,0.0035433,0.0049968,0.0066197,0,0,0,0,0,0,0,0,0,0,0,0,0,0,0,0,0,0,0
0.0048999,0.0046582,0.0036557,0.0035433,0.0040168,0.0039463,0.003891,0.003891,0.0039463,0.0040168,0.0035433,0.0036557,0.0035433,0.0032262,0.0027595,0.002744,0.0024643,0.0023018,0.0022677,0.0018382,0.0021491,0.0023603,0.0024352,0.0023603,0.0021491,0.0039873,0.0052299,0.0064552,0.0079328,0.0095048,0,0,0,0,0,0,0,0,0,0,0,0,0,0,0,0,0,0
0.006767,0.0064739,0.0051554,0.0049968,0.0050763,0.0046821,0.0042419,0.0038374,0.0035119,0.003264,0.0023603,0.0024352,0.0023603,0.0021491,0.0018382,0.0022677,0.0023018,0.0024643,0.002744,0.0027595,0.0032262,0.0035433,0.0036557,0.0035433,0.0032262,0.0045977,0.0057674,0.0067521,0.008016,0.009424,0.010261,0.011465,0,0,0,0,0,0,0,0,0,0,0,0,0,0,0,0
0.0087868,0.0084579,0.0068298,0.0066197,0.0060273,0.0051554,0.0041425,0.0031269,0.0022173,0.0014771,0,0,0,0,0,0.0011149,0.0016737,0.0023603,0.0031269,0.0038915,0.0045496,0.0049968,0.0051554,0.0049968,0.0045496,0.0053686,0.0064592,0.007161,0.0081765,0.0093973,0.0099188,0.011169,0.011827,0,0,0,0,0,0,0,0,0,0,0,0,0,0,0
0.010727,0.010387,0.0084999,0.0082383,0.0075011,0.006416,0.0051554,0.0038915,0.0027595,0.0018382,0,0,0,0,0,0.0014771,0.0022173,0.0031269,0.0041425,0.0051554,0.0060273,0.0066197,0.0068298,0.0066197,0.0060273,0.0062704,0.0072933,0.0077046,0.0084712,0.0095111,0.0097051,0.011024,0.011775,0.013665,0.013929,0,0,0,0,0,0,0,0,0,0,0,0,0
0.012313,0.011992,0.0099373,0.0096316,0.0087697,0.0075011,0.0060273,0.0045496,0.0032262,0.0021491,0,0,0,0,0,0.0018382,0.0027595,0.0038915,0.0051554,0.006416,0.0075011,0.0082383,0.0084999,0.0082383,0.0075011,0.0072066,0.0081805,0.0083247,0.0088683,0.0097531,0.0096422,0.011044,0.011894,0.014192,0.014691,0.01481,0.014661,0,0,0,0,0,0,0,0,0,0,0
0.013287,0.013013,0.010914,0.010578,0.0096316,0.0082383,0.0066197,0.0049968,0.0035433,0.0023603,0,0,0,0,0,0.0021491,0.0032262,0.0045496,0.0060273,0.0075011,0.0087697,0.0096316,0.0099373,0.0096316,0.0087697,0.0080278,0.008967,0.0088908,0.0092529,0.010015,0.0096502,0.01113,0.012067,0.014658,0.015324,0.015605,0.015598,0.015381,0,0,0,0,0,0,0,0,0,0
0.013481,0.013274,0.01126,0.010914,0.0099373,0.0084999,0.0068298,0.0051554,0.0036557,0.0024352,0,0,0,0,0,0.0023603,0.0035433,0.0049968,0.0066197,0.0082383,0.0096316,0.010578,0.010914,0.010578,0.0096316,0.0082383,0.00898,0.0085401,0.0085401,0.00898,0.0082383,0.0096316,0.010578,0.013349,0.014234,0.014787,0.015068,0.01512,0.014934,0.014457,1,0,0,0,0,0,0,0
0.012858,0.012727,0.010914,0.010578,0.0096316,0.0082383,0.0066197,0.0049968,0.0035433,0.0023603,0,0,0,0,0,0.0024352,0.0036557,0.0051554,0.0068298,0.0084999,0.0099373,0.010914,0.01126,0.010914,0.0099373,0.0084999,0.0092651,0.0088112,0.0088112,0.0092651,0.0084999,0.0099373,0.010914,0.013621,0.014457,0.014934,0.01512,0.015068,0.014787,0.014234,0.013349,0,0,0,0,0,0,0
0.011529,0.01147,0.0099373,0.0096316,0.0087697,0.0075011,0.0060273,0.0045496,0.0032262,0.0021491,0,0,0,0,0,0.0023603,0.0035433,0.0049968,0.0066197,0.0082383,0.0096316,0.010578,0.010914,0.010578,0.0096316,0.0082383,0.00898,0.0085401,0.0085401,0.00898,0.0082383,0.0096316,0.010578,0.013063,0.013804,0.014181,0.014266,0.014121,0.013766,0.013175,0.012298,0.0096316,0.0087697,0,0,0,0,0
0.0097184,0.0097154,0.0084999,0.0082383,0.0075011,0.006416,0.0051554,0.0038915,0.0027595,0.0018382,0,0,0,0,0,0.0021491,0.0032262,0.0045496,0.0060273,0.0075011,0.0087697,0.0096316,0.0099373,0.0096316,0.0087697,0.0075011,0.0081764,0.0077758,0.0077758,0.0081764,0.0075011,0.0087697,0.010158,0.012566,0.013506,0.014138,0.014495,0.014592,0.014411,0.0139,0.013009,0.010387,0.0093393,0.0078931,0,0,0,0
0.007701,0.0077346,0.0068298,0.0066197,0.0060273,0.0051554,0.0041425,0.0031269,0.0022173,0.0014771,0,0,0,0,0,0.0018382,0.0027595,0.0038915,0.0051554,0.006416,0.0075011,0.0082383,0.0084999,0.0082383,0.0075011,0.006416,0.0069936,0.006651,0.006651,0.0069936,0.006416,0.0075011,0.009029,0.011164,0.012129,0.012845,0.013318,0.013537,0.013462,0.013035,0.012211,0.0098459,0.0087868,0.0073727,0.0058162,0.0043138,0,0
0.0057365,0.0057874,0.0051554,0.0049968,0.0045496,0.0038915,0.0031269,0.0023603,0.0016737,0.0011149,0,0,0,0,0,0.0014771,0.0022173,0.0031269,0.0041425,0.0051554,0.0060273,0.0066197,0.0068298,0.0066197,0.0060273,0.0051554,0.0056196,0.0053442,0.0053442,0.0056196,0.0051554,0.0060273,0.0077346,0.0096185,0.010654,0.011515,0.012174,0.012584,0.012673,0.01237,0.011629,0.0095465,0.0084412,0.0070184,0.0054872,0.004034,0.0027887,0
0.0040168,0.0040699,0.0036557,0.0035433,0.0032262,0.0027595,0.0022173,0.0016737,0.0011868,0.00079061,0,0,0,0,0,0.0011149,0.0016737,0.0023603,0.0031269,0.0038915,0.0045496,0.0049968,0.0051554,0.0049968,0.0045496,0.0038915,0.0042419,0.004034,0.004034,0.0042419,0.0038915,0.0045496,0.0064739,0.0081634,0.0093106,0.010366,0.011264,0.011914,0.012206,0.012047,0.01139,0.0095706,0.0083816,0.006902,0.0053442,0.003891,0.0026639,0.00079061
0.0021491,0.0023603,0.0024352,0.0023603,0.0021491,0.0018382,0.0014771,0.0011149,0.00079061,0.00052666,0,0,0,0,0,0.00079061,0.0011868,0.0016737,0.0022173,0.0027595,0.0032262,0.0035433,0.0036557,0.0035433,0.0032262,0.0027595,0.0030079,0.0028606,0.0028606,0.0030079,0.0027595,0.0032262,0.0053815,0.0069419,0.0082254,0.0094965,0.010653,0.011557,0.012061,0.012047,0.011464,0.0098614,0.0085651,0.0069936,0.0053686,0.0038744,0.0026288,0.00052666
0,0,0,0,0,0,0,0,0,0,0,0,0,0,0,0.00052666,0.00079061,0.0011149,0.0014771,0.0018382,0.0021491,0.0023603,0.0024352,0.0023603,0.0021491,0.0018382,0.0020037,0.0019055,0.0019055,0.0020037,0.0018382,0.0021491,0.0045094,0.0056614,0.00691,0.0081764,0.0093393,0.010247,0.010747,0.010728,0.010158,0.0087697,0.0075011,0.0060273,0.0045496,0.0032262,0.0021491,0
0,0,0,0,0,0,0,0,0,0,0,0,0,0,0,0,0,0,0,0,0,0,0,0,0,0,0,0,0,0,0,0,0.0023603,0.0035433,0.0049968,0.0066197,0.0082383,0.0096316,0.010578,0.010914,0.010578,0.0096316,0.0082383,0.0066197,0.0049968,0.0035433,0.0023603,0
0,0,0,0,0,0,0,0,0,0,0,0,0,0,0,0,0,0,0,0,0,0,0,0,0,0,0,0,0,0,0,0,0.0024352,0.0036557,0.0051554,0.0068298,0.0084999,0.0099373,0.010914,0.01126,0.010914,0.0099373,0.0084999,0.0068298,0.0051554,0.0036557,0.0024352,0
0,0,0,0,0,0,0,0,0,0,0,0,0,0,0,0,0,0,0,0,0,0,0,0,0,0,0,0,0,0,0,0,0.0023603,0.0035433,0.0049968,0.0066197,0.0082383,0.0096316,0.010578,0.010914,0.010578,0.0096316,0.0082383,0.0066197,0.0049968,0.0035433,0.0023603,0
0,0,0,0,0,0,0,0,0,0,0,0,0,0,0,0,0,0,0,0,0,0,0,0,0,0,0,0,0,0,0,0,0.0021491,0.0032262,0.0045496,0.0060273,0.0075011,0.0087697,0.0096316,0.0099373,0.0096316,0.0087697,0.0075011,0.0060273,0.0045496,0.0032262,0.0021491,0
