0.0062518,0.0069849,0.0073571,0.0073045,0.006835,0.0060267,0.0050065,0.0039175,0.002887,0.0016737,0.0011149,0,0,0,0.0014771,0.0022173,0.0031269,0.0041425,0.0051554,0.0060273,0.0066197,0.0068298,0.0066197,0.0060273,0.0051554,0.0041425,0.0031269,0.0022173,0.0014771,0,0,0,0,0,0,0,0,0,0,0,0,0,0,0,0,0,0,0
0.0086987,0.009683,0.010163,0.010056,0.0093792,0.0082446,0.0068291,0.0053293,0.0039175,0.0022173,0.0014771,0,0,0,0.0011149,0.0016737,0.0023603,0.0031269,0.0038915,0.0045496,0.0049968,0.0051554,0.0049968,0.0045496,0.0038915,0.0031269,0.0023603,0.0016737,0.0011149,0,0,0,0,0,0,0,0,0,0,0,0,0,0,0,0,0,0,0
0.011413,0.012657,0.013235,0.013049,0.01213,0.010628,0.0087764,0.0068291,0.0050065,0.0027595,0.0018382,0,0,0,0.00079061,0.0011868,0.0016737,0.0022173,0.0027595,0.0032262,0.0035433,0.0036557,0.0035433,0.0032262,0.0027595,0.0022173,0.0016737,0.0011868,0.00079061,0,0,0,0,0,0,0,0,0,0,0,0,0,0,0,0,0,0,0
0.014121,0.015599,0.016251,0.015965,0.014787,0.012912,0.010628,0.0082446,0.0060267,0.0037528,0.0029397,0.0011149,0.0014771,0.0018382,0.0026758,0.0031509,0.0035502,0.0038374,0.0039873,0.0039873,0.0038374,0.0035502,0.0031509,0.0026758,0.0018382,0.0014771,0.0011149,0.00079061,0.00052666,0,0,0,0,0,0,0,0,0,0,0,0,0,0,0,0,0,0,0
0.016477,0.018131,0.018817,0.018415,0.016994,0.014787,0.01213,0.0093792,0.006835,0.0043339,0.0035472,0.0016737,0.0022173,0.0027595,0.0032262,0.0035433,0.0036557,0.0035433,0.0032262,0.0027595,0.0022173,0.0016737,0.0011868,0.00079061,0,0,0,0,0,0,0,0,0,0,0,0,0,0,0,0,0,0,0,0,0,0,0,0
0.018131,0.019875,0.020546,0.02003,0.018415,0.015965,0.013049,0.010056,0.0073045,0.0047707,0.004109,0.0023603,0.0031269,0.0038915,0.0045496,0.0049968,0.0051554,0.0049968,0.0045496,0.0038915,0.0031269,0.0023603,0.0016737,0.0011149,0,0,0,0,0,0,0,0,0,0,0,0,0,0,0,0,0,0,0,0,0,0,0,0
0.018817,0.020546,0.021156,0.020546,0.018817,0.016251,0.013235,0.010163,0.0073571,0.0050203,0.0045776,0.0031269,0.0041425,0.0051554,0.0060273,0.0066197,0.0068298,0.0066197,0.0060273,0.0051554,0.0041425,0.0031269,0.0022173,0.0014771,0,0,0,0,0,0,0,0,0,0,0,0,0,0,0,0,0,0,0,0,0,0,0,0
0.018415,0.02003,0.020546,0.019875,0.018131,0.015599,0.012657,0.009683,0.0069849,0.0050644,0.0049086,0.0038915,0.0051554,0.006416,0.0075011,0.0082383,0.0084999,0.0082383,0.0075011,0.006416,0.0051554,0.0038915,0.0027595,0.0018382,0,0,0,0,0,0,0,0,0,0,0,0,0,0,0,0,0,0,0,0,0,0,0,0
0.016994,0.018415,0.018817,0.018131,0.016477,0.014121,0.011413,0.0086987,0.0062518,0.0049086,0.0050644,0.0045496,0.0060273,0.0075011,0.0087697,0.0096316,0.0099373,0.0096316,0.0087697,0.0075011,0.0060273,0.0045496,0.0032262,0.0021491,0,0,0,0,0,0,0,0,0,0,0,0,0,0,0,0,0,0,0,0,0,0,0,0
0.014787,0.015965,0.016251,0.015599,0.014121,0.012055,0.0097051,0.0073687,0.005276,0.0045776,0.0050203,0.0049968,0.0066197,0.0082383,0.0096316,0.010578,0.010914,0.010578,0.0096316,0.0082383,0.0066197,0.0049968,0.0035433,0.0023603,0,0,0,0,0,0,0,0,0,0,0,0,0,0,0,0,0,0,0,0,0,0,0,0
0.01213,0.013049,0.013235,0.012657,0.011413,0.0097051,0.007783,0.0058864,0.0041985,0.004109,0.0047707,0.0051554,0.0068298,0.0084999,0.0099373,0.010914,0.01126,0.010914,0.0099373,0.0084999,0.0068298,0.0051554,0.0036557,0.0024352,0,0,0,0,0,0,0,0,0,0,0,0,0,0,0,0,0,0,0,0,0,0,0,0
0.0093792,0.010056,0.010163,0.009683,0.0086987,0.0073687,0.0058864,0.0044346,0.0031508,0.0035472,0.0043339,0.0049968,0.0066197,0.0082383,0.0096316,0.010578,0.010914,0.010578,0.0096316,0.0082383,0.0066197,0.0049968,0.0035433,0.0023603,0,0,0,0,0,0,0,0,0,0,0,0,0,0,0,0,0,0,0,0,0,0,0,0
0.006835,0.0073045,0.0073571,0.0069849,0.0062518,0.005276,0.0041985,0.0031508,0.0022299,0.0029397,0.0037528,0.0045496,0.0060273,0.0075011,0.0087697,0.0096316,0.0099373,0.0096316,0.0087697,0.0075011,0.0060273,0.0045496,0.0032262,0.0021491,0,0,0,0,0,0,0,0,0,0,0,0,0,0,0,0,0,0,0,0,0,0,0,0
0.0035433,0.0036557,0.0035433,0.0032262,0.0027595,0.0022173,0.0016737,0.0011868,0.00079061,0.0018382,0.0027595,0.0038915,0.0051554,0.006416,0.0075011,0.0082383,0.0084999,0.0082383,0.0075011,0.006416,0.0051554,0.0038915,0.0027595,0.0018382,0,0,0,0,0,0,0,0,0,0,0,0,0,0,0,0,0,0,0,0,0,0,0,0
0.0023603,0.0024352,0.0023603,0.0021491,0.0018382,0.0014771,0.0011149,0.00079061,0.00052666,0.0014771,0.0022173,0.0031269,0.0041425,0.0051554,0.0060273,0.0066197,0.0068298,0.0066197,0.0060273,0.0051554,0.0041425,0.0031269,0.0022173,0.0014771,0,0,0,0,0,0,0,0,0,0,0,0,0,0,0,0,0,0,0,0,0,0,0,0
0,0,0,0,0,0,0,0,0,0.0011149,0.0016737,0.0023603,0.0031269,0.0038915,0.0045496,0.0049968,0.0051554,0.0049968,0.0045496,0.0038915,0.0031269,0.0023603,0.0016737,0.0011149,0,0,0,0,0,0,0,0,0,0,0,0,0,0,0,0,0,0,0,0,0,0,0,0
0.0023603,0.0024352,0.0023603,0.0026758,0.0026288,0.002592,0.002592,0.0026288,0.0026758,0.0031509,0.0036221,0.004034,0.0048931,0.0053883,0.0058182,0.0061353,0.0062846,0.006219,0.0055865,0.0051947,0.0045776,0.0038228,0.0030251,0.0022677,0.0011149,0.00079061,0.00052666,0,0,0,0,0,0,0,0,0,0,0,0,0,0,0,0,0,0,0,0,0
0.0035433,0.0036557,0.0035433,0.0040168,0.0039463,0.003891,0.003891,0.0039463,0.0040168,0.0040699,0.0044464,0.0046582,0.0054938,0.0057846,0.0060401,0.0062514,0.0063816,0.0063771,0.0056924,0.005494,0.0050203,0.0043411,0.0035501,0.002744,0.0016737,0.0011868,0.00079061,0,0,0,0,0,0,0,0,0,0,0,0,0,0,0,0,0,0,0,0,0
0.0049968,0.0051554,0.0049968,0.0056646,0.0055652,0.0054872,0.0054872,0.0055652,0.0056646,0.0049968,0.0051554,0.0049968,0.0056646,0.0055652,0.0054872,0.0054872,0.0055652,0.0056646,0.0049968,0.0051554,0.0049968,0.0045496,0.0038915,0.0031269,0.0023603,0.0016737,0.0011149,0,0,0,0,0,0,0,0,0,0,0,0,0,0,0,0,0,0,0,0,0
0.0066197,0.0068298,0.0066197,0.0075044,0.0073727,0.0072694,0.0072694,0.0073727,0.0075044,0.0066197,0.0068298,0.0066197,0.0075044,0.0073727,0.0072694,0.0072694,0.0073727,0.0075044,0.0066197,0.0068298,0.0066197,0.0060273,0.0051554,0.0041425,0.0031269,0.0022173,0.0014771,0,0,0,0,0,0,0,0,0,0,0,0,0,0,0,0,0,0,0,0,0
0.0082383,0.0084999,0.0082383,0.0093393,0.0091755,0.0090469,0.0090469,0.0091755,0.0093393,0.0082383,0.0084999,0.0082383,0.0093393,0.0091755,0.0090469,0.0090469,0.0091755,0.0093393,0.0082383,0.0084999,0.0082383,0.0075011,0.006416,0.0051554,0.0038915,0.0027595,0.0018382,0,0,0,0,0,0,0,0,0,0,0,0,0,0,0,0,0,0,0,0,0
0.0096316,0.0099373,0.0096316,0.010919,0.010727,0.010577,0.010577,0.010727,0.010919,0.0096316,0.0099373,0.0096316,0.010919,0.010727,0.010577,0.010577,0.010727,0.010919,0.0096316,0.0099373,0.0096316,0.0087697,0.0075011,0.0060273,0.0045496,0.0032262,0.0021491,0,0,0,0,0,0,0,0,0,0,0,0,0,0,0,0,0,0,0,0,0
0.010578,0.010914,0.010578,0.011992,0.011782,0.011617,0.011617,0.011782,0.011992,0.010578,0.010914,0.010578,0.011992,0.011782,0.011617,0.011617,0.011782,0.011992,0.010578,0.010914,0.010578,0.0096316,0.0082383,0.0066197,0.0049968,0.0035433,0.0023603,0,0,0,0,0,0,0,0,0,0,0,0,0,0,0,0,0,0,0,0,0
0.010914,0.01126,0.010914,0.012373,0.012156,0.011985,0.011985,0.012156,0.012373,0.010914,0.01126,0.010914,0.012373,0.012156,0.011985,0.011985,0.012156,0.012373,0.010914,0.01126,0.010914,0.0099373,0.0084999,0.0068298,0.0051554,0.0036557,0.0024352,0,0,0,0,0,0,0,0,0,0,0,0,0,0,0,0,0,0,0,0,0
0.010578,0.010914,0.010578,0.011992,0.011782,0.011617,0.011617,0.011782,0.011992,0.010578,0.010914,0.010578,0.011992,0.011782,0.011617,0.011617,0.011782,0.011992,0.010578,0.010914,0.010578,0.0096316,0.0082383,0.0066197,0.0049968,0.0035433,0.0023603,0,0,0,0,0,0,0,0,0,0,0,0,0,0,0,0,0,0,0,0,0
0.0096316,0.0099373,0.0096316,0.010919,0.010727,0.010577,0.010577,0.010727,0.010919,0.0096316,0.0099373,0.0096316,0.010919,0.010727,0.010577,0.010577,0.010727,0.010919,0.0096316,0.0099373,0.0096316,0.0087697,0.0075011,0.0060273,0.0045496,0.0032262,0.0021491,0,0,0,0,0,0,0,0,0,0,0,0,0,0,0,0,0,0,0,0,0
0.0082383,0.0084999,0.0082383,0.0093393,0.0091755,0.0090469,0.0090469,0.0091755,0.0093393,0.0082383,0.0084999,0.0082383,0.0093393,0.0091755,0.0090469,0.0090469,0.0091755,0.0093393,0.0082383,0.0084999,0.0082383,0.0075011,0.006416,0.0051554,0.0038915,0.0027595,0.0018382,0,0,0,0,0,0,0,0,0,0,0,0,0,0,0,0,0,0,0,0,0
0.0066197,0.0068298,0.0066197,0.0075044,0.0073727,0.0072694,0.0072694,0.0073727,0.0075044,0.0066197,0.0068298,0.0066197,0.0075044,0.0073727,0.0072694,0.0072694,0.0073727,0.0075044,0.0066197,0.0068298,0.0066197,0.0060273,0.0051554,0.0041425,0.0031269,0.0022173,0.0014771,0,0,0,0,0,0,0,0,0,0,0,0,0,0,0,0,0,0,0,0,0
0.0049968,0.0051554,0.0049968,0.0056646,0.0055652,0.0054872,0.0054872,0.0055652,0.0056646,0.0049968,0.0051554,0.0049968,0.0056646,0.0055652,0.0054872,0.0054872,0.0055652,0.0056646,0.0049968,0.0051554,0.0049968,0.0045496,0.0038915,0.0031269,0.0023603,0.0016737,0.0011149,0,0,0,0,0,0,0,0,0,0,0,0,0,0,0,0,0,0,0,0,0
0.0035433,0.0036557,0.0035433,0.0040168,0.0039463,0.003891,0.003891,0.0039463,0.0040168,0.0035433,0.0036557,0.0035433,0.0040168,0.0039463,0.003891,0.003891,0.0039463,0.0040168,0.0035433,0.0036557,0.0035433,0.0032262,0.0027595,0.0022173,0.0016737,0.0011868,0.00079061,0,0,0,0,0,0,0,0,0,0,0,0,0,0,0,0,0,0,0,0,0
0.0023603,0.0024352,0.0023603,0.0026758,0.0026288,0.002592,0.002592,0.0026288,0.0026758,0.0023603,0.0024352,0.0023603,0.0026758,0.0026288,0.002592,0.002592,0.0026288,0.0026758,0.0023603,0.0024352,0.0023603,0.0021491,0.0018382,0.0014771,0.0011149,0.00079061,0.00052666,0,0,0,0,0,0,0,0,0,0,0,0,0,0,0,0,0,0,0,0,0
0,0,0,0,0,0,0,0,0,0,0,0,0,0,0,0,0,0,0,0,0,0,0,0,0,0,0,0,0,0,0,0,0,0,0,0,0,0,0,0,0,0,0,0,0,0,0,0
