0.0022173,0.0031269,0.0041425,0.0051554,0.0060273,0.0066197,0.0068298,0.0066197,0.0060273,0.0051554,0.0041425,0.0031269,0.0022173,0.0014771,0,0,0,0.0021491,0.0032262,0.0045496,0.0060273,0.0075011,0.0087697,0.0096316,0.0099373,0.0096316,0.0087697,0.0075011,0.0060273,0.0045496,0.0032262,0.0021491,0,0,0,0,0,0,0,0,0,0,0,0,0,0,0,0
0.0027595,0.0038915,0.0051554,0.006416,0.0075011,0.0082383,0.0084999,0.0082383,0.0075011,0.006416,0.0051554,0.0038915,0.0027595,0.0018382,0,0,0,0.0018382,0.0027595,0.0038915,0.0051554,0.006416,0.0075011,0.0082383,0.0084999,0.0082383,0.0075011,0.006416,0.0051554,0.0038915,0.0027595,0.0018382,0,0,0,0,0,0,0,0,0,0,0,0,0,0,0,0
0.0032262,0.0045496,0.0060273,0.0075011,0.0087697,0.0096316,0.0099373,0.0096316,0.0087697,0.0075011,0.0060273,0.0045496,0.0032262,0.0021491,0,0,0,0.0014771,0.0022173,0.0031269,0.0041425,0.0051554,0.0060273,0.0066197,0.0068298,0.0066197,0.0060273,0.0051554,0.0041425,0.0031269,0.0022173,0.0014771,0,0,0,0,0,0,0,0,0,0,0,0,0,0,0,0
0.0035433,0.0049968,0.0066197,0.0082383,0.0096316,0.010578,0.010914,0.010578,0.0096316,0.0082383,0.0066197,0.0049968,0.0035433,0.0023603,0,0,0.00052666,0.0019055,0.0027887,0.0038374,0.0049651,0.0060406,0.00691,0.0074321,0.0075157,0.0071459,0.0063879,0.0053686,0.0042419,0.0031509,0.002727,0.0019055,0.0011149,0.0014771,0.0018382,0.0021491,0.0023603,0.0024352,0.0023603,0.0021491,0.0018382,0.0014771,0.0011149,0.00079061,0.00052666,0,0,0
0.0036557,0.0051554,0.0068298,0.0084999,0.0099373,0.010914,0.01126,0.010914,0.0099373,0.0084999,0.0068298,0.0051554,0.0036557,0.0024352,0,0,0.00079061,0.0019775,0.0028606,0.003891,0.0049768,0.0059857,0.0067694,0.007199,0.007199,0.0067694,0.0059857,0.0049768,0.003891,0.0028606,0.0027681,0.0019775,0.0016737,0.0022173,0.0027595,0.0032262,0.0035433,0.0036557,0.0035433,0.0032262,0.0027595,0.0022173,0.0016737,0.0011868,0.00079061,0,0,0
0.0035433,0.0049968,0.0066197,0.0082383,0.0096316,0.010578,0.010914,0.010578,0.0096316,0.0082383,0.0066197,0.0049968,0.0035433,0.0023603,0,0,0.0011149,0.0022004,0.0031509,0.0042419,0.0053686,0.0063879,0.0071459,0.0075157,0.0074321,0.00691,0.0060406,0.0049651,0.0038374,0.0027887,0.0030205,0.0022004,0.0023603,0.0031269,0.0038915,0.0045496,0.0049968,0.0051554,0.0049968,0.0045496,0.0038915,0.0031269,0.0023603,0.0016737,0.0011149,0,0,0
0.0032262,0.0045496,0.0060273,0.0075011,0.0087697,0.0096316,0.0099373,0.0096316,0.0087697,0.0075011,0.0060273,0.0045496,0.0032262,0.0021491,0,0,0.0014771,0.0022173,0.0031269,0.0041425,0.0051554,0.0060273,0.0066197,0.0068298,0.0066197,0.0060273,0.0051554,0.0041425,0.0031269,0.0022173,0.0029541,0.0022173,0.0031269,0.0041425,0.0051554,0.0060273,0.0066197,0.0068298,0.0066197,0.0060273,0.0051554,0.0041425,0.0031269,0.0022173,0.0014771,0,0,0
0.0027595,0.0038915,0.0051554,0.006416,0.0075011,0.0082383,0.0084999,0.0082383,0.0075011,0.006416,0.0051554,0.0038915,0.0027595,0.0018382,0,0,0.0018382,0.0027595,0.0038915,0.0051554,0.006416,0.0075011,0.0082383,0.0084999,0.0082383,0.0075011,0.006416,0.0051554,0.0038915,0.0027595,0.0036764,0.0027595,0.0038915,0.0051554,0.006416,0.0075011,0.0082383,0.0084999,0.0082383,0.0075011,0.006416,0.0051554,0.0038915,0.0027595,0.0018382,0,0,0
0.0022173,0.0031269,0.0041425,0.0051554,0.0060273,0.0066197,0.0068298,0.0066197,0.0060273,0.0051554,0.0041425,0.0031269,0.0022173,0.0014771,0,0,0.0021491,0.0032262,0.0045496,0.0060273,0.0075011,0.0087697,0.0096316,0.0099373,0.0096316,0.0087697,0.0075011,0.006554,0.0053403,0.0043411,0.0057753,0.0050644,0.0066987,0.0083876,0.0099363,0.01113,0.011781,0.011776,0.011109,0.0098846,0.0082917,0.006554,0.0045496,0.0032262,0.0021491,0,0,0
0.0035119,0.0038374,0.0042419,0.0046821,0.0050763,0.0049968,0.0051554,0.0049968,0.0045496,0.0038915,0.0031269,0.0023603,0.0016737,0.0011149,0,0,0.0023603,0.0035433,0.0049968,0.0066197,0.0082383,0.0096316,0.010578,0.010914,0.010578,0.0096316,0.0082383,0.0074103,0.0061837,0.005217,0.006938,0.0063028,0.008223,0.010163,0.011894,0.013175,0.013804,0.013674,0.012796,0.011305,0.0094252,0.0074103,0.0049968,0.0035433,0.0023603,0,0,0
0.0039463,0.003891,0.003891,0.0039463,0.0040168,0.0035433,0.0036557,0.0035433,0.0032262,0.0027595,0.0022173,0.0016737,0.0011868,0.00079061,0,0,0.0024352,0.0036557,0.0051554,0.0068298,0.0084999,0.010464,0.011705,0.012375,0.012391,0.011776,0.010649,0.010305,0.0092644,0.0083764,0.010147,0.0093855,0.011182,0.012942,0.014446,0.015461,0.015464,0.015152,0.014041,0.012298,0.010174,0.0079448,0.0051554,0.0036557,0.0024352,0,0,0
0.0046821,0.0042419,0.0038374,0.0035119,0.003264,0.0023603,0.0024352,0.0023603,0.0021491,0.0018382,0.0014771,0.0011149,0.00079061,0.00052666,0,0,0.0023603,0.0035433,0.0049968,0.0066197,0.0082383,0.010422,0.011765,0.012588,0.012796,0.012391,0.011465,0.01164,0.01087,0.010213,0.012089,0.011458,0.013241,0.014913,0.016255,0.017042,0.016606,0.016069,0.014721,0.012759,0.010456,0.0080967,0.0049968,0.0035433,0.0023603,0,0,0
0.0051554,0.0041425,0.0031269,0.0022173,0.0014771,0,0,0,0,0,0,0,0,0,0,0,0.0021491,0.0032262,0.0045496,0.0060273,0.0075011,0.0098846,0.011305,0.012298,0.012759,0.012661,0.012051,0.012862,0.012465,0.012115,0.014003,0.013534,0.015178,0.016626,0.017675,0.018123,0.017133,0.016353,0.014787,0.012661,0.010261,0.0078655,0.0045496,0.0032262,0.0021491,0,0,0
0.006416,0.0051554,0.0038915,0.0027595,0.0018382,0.00052666,0.00079061,0.0011149,0.0014771,0.0018382,0.0021491,0.0023603,0.0024352,0.0023603,0.0021491,0.0018382,0.0033153,0.0038744,0.0046821,0.0056821,0.006416,0.0089781,0.010456,0.011627,0.012381,0.012657,0.012443,0.013924,0.013948,0.013929,0.015731,0.015416,0.016804,0.017914,0.018571,0.01861,0.017008,0.016001,0.014266,0.012051,0.0096422,0.0073045,0.0038915,0.0027595,0.0018382,0,0,0
0.0075011,0.0060273,0.0045496,0.0032262,0.0021491,0.00079061,0.0011868,0.0016737,0.0022173,0.0027595,0.0032262,0.0035433,0.0036557,0.0035433,0.0032262,0.0027595,0.0036944,0.003891,0.0043138,0.0049331,0.0051554,0.0078655,0.0093792,0.010721,0.011775,0.012443,0.012657,0.014741,0.01517,0.015452,0.017075,0.016872,0.017914,0.018612,0.018829,0.018444,0.016251,0.015068,0.013239,0.011024,0.0086987,0.0065028,0.0031269,0.0022173,0.0014771,0,0,0
0.0082383,0.0066197,0.0049968,0.0035433,0.0023603,0.0011149,0.0016737,0.0023603,0.0031269,0.0038915,0.0045496,0.0049968,0.0051554,0.0049968,0.0045496,0.0038915,0.0042419,0.004034,0.004034,0.0042419,0.0038915,0.0066987,0.008223,0.0097051,0.011024,0.012051,0.012661,0.015194,0.015953,0.016461,0.017829,0.017675,0.018325,0.018591,0.018378,0.017613,0.014934,0.013655,0.011827,0.0097051,0.0075473,0.0055622,0.0023603,0.0016737,0.0011149,0,0,0
0.0084999,0.0068298,0.0051554,0.0036557,0.0024352,0.0014771,0.0022173,0.0031269,0.0041425,0.0051554,0.0060273,0.0066197,0.0068298,0.0066197,0.0060273,0.0051554,0.0049331,0.0043138,0.003891,0.0036944,0.0027595,0.0055865,0.0070865,0.0086525,0.010163,0.011465,0.012391,0.015156,0.016131,0.016762,0.017833,0.017664,0.017925,0.017792,0.017217,0.016165,0.013175,0.011894,0.010163,0.008223,0.0063028,0.0045776,0.0016737,0.0011868,0.00079061,0,0,0
0.0082383,0.0066197,0.0049968,0.0035433,0.0023603,0.0018382,0.0027595,0.0038915,0.0051554,0.006416,0.0075011,0.0082383,0.0084999,0.0082383,0.0075011,0.006416,0.0056821,0.0046821,0.0038744,0.0033153,0.0018382,0.0045843,0.0060161,0.0075907,0.0091901,0.010649,0.011776,0.01454,0.015602,0.016254,0.017018,0.016792,0.016714,0.016264,0.015431,0.014216,0.01113,0.0099363,0.0083876,0.0066987,0.0050644,0.0036262,0.0011149,0.00079061,0.00052666,0,0,0
0.0075011,0.0060273,0.0045496,0.0032262,0.0021491,0.0021491,0.0032262,0.0045496,0.0060273,0.0075011,0.0087697,0.0096316,0.0099373,0.0096316,0.0087697,0.0075011,0.0060273,0.0045496,0.0032262,0.0021491,0,0.0023603,0.0035433,0.0049968,0.0066197,0.0082383,0.0096316,0.012416,0.0142,0.01526,0.015902,0.016131,0.015959,0.015384,0.014403,0.013034,0.0098614,0.0085651,0.0069936,0.0053686,0.0038744,0.0026288,0.00052666,0,0,0,0,0
0.006416,0.0051554,0.0038915,0.0027595,0.0018382,0.0023603,0.0035433,0.0049968,0.0066197,0.0082383,0.0096316,0.010578,0.010914,0.010578,0.0096316,0.0082383,0.0066197,0.0049968,0.0035433,0.0023603,0,0.0021491,0.0032262,0.0045496,0.0060273,0.0075011,0.0087697,0.011109,0.012945,0.013945,0.014586,0.014874,0.014814,0.014396,0.013599,0.012425,0.0095706,0.0083816,0.006902,0.0053442,0.003891,0.0026639,0.00079061,0,0,0,0,0
0.0051554,0.0041425,0.0031269,0.0022173,0.0014771,0.0024352,0.0036557,0.0051554,0.0068298,0.0084999,0.0099373,0.010914,0.01126,0.010914,0.0099373,0.0084999,0.0068298,0.0051554,0.0036557,0.0024352,0,0.0018382,0.0027595,0.0038915,0.0051554,0.006416,0.0075011,0.0093533,0.011289,0.012272,0.012988,0.013434,0.013597,0.013438,0.012912,0.01199,0.0095465,0.0084412,0.0070184,0.0054872,0.004034,0.0027887,0.0011149,0,0,0,0,0
0.0038915,0.0031269,0.0023603,0.0016737,0.0011149,0.0023603,0.0035433,0.0049968,0.0066197,0.0082383,0.0096316,0.010578,0.010914,0.010578,0.0096316,0.0082383,0.0066197,0.0049968,0.0035433,0.0023603,0,0.0014771,0.0022173,0.0031269,0.0041425,0.0051554,0.0060273,0.0074103,0.0094937,0.010511,0.011372,0.012057,0.012524,0.012697,0.012493,0.01185,0.0098459,0.0087868,0.0073727,0.0058162,0.0043138,0.0030079,0.0014771,0,0,0,0,0
0.0027595,0.0022173,0.0016737,0.0011868,0.00079061,0.0021491,0.0032262,0.0045496,0.0060273,0.0075011,0.0087697,0.0096316,0.0099373,0.0096316,0.0087697,0.0075011,0.0060273,0.0045496,0.0032262,0.0021491,0,0.0011149,0.0016737,0.0023603,0.0031269,0.0038915,0.0045496,0.0055235,0.0077843,0.0088712,0.0099182,0.010885,0.011692,0.012222,0.012347,0.011975,0.010387,0.0093393,0.0078931,0.0062704,0.0046821,0.0032862,0.0018382,0,0,0,0,0
0.0018382,0.0014771,0.0011149,0.00079061,0.00052666,0.0018382,0.0027595,0.0038915,0.0051554,0.006416,0.0075011,0.0082383,0.0084999,0.0082383,0.0075011,0.006416,0.0051554,0.0038915,0.0027595,0.0018382,0,0.00079061,0.0011868,0.0016737,0.0022173,0.0027595,0.0032262,0.0035433,0.0058048,0.0067694,0.0077758,0.0087868,0.0097184,0.010443,0.010818,0.010728,0.0096316,0.0087697,0.0075011,0.0060273,0.0045496,0.0032262,0.0021491,0,0,0,0,0
0,0,0,0,0,0.0014771,0.0022173,0.0031269,0.0041425,0.0051554,0.0060273,0.0066197,0.0068298,0.0066197,0.0060273,0.0051554,0.0041425,0.0031269,0.0022173,0.0014771,0,0.00052666,0.00079061,0.0011149,0.0014771,0.0018382,0.0021491,0.0023603,0.0047956,0.0059036,0.0071459,0.0084579,0.0097154,0.010747,0.011369,0.011441,0.010578,0.0096316,0.0082383,0.0066197,0.0049968,0.0035433,0.0023603,0,0,0,0,0
0,0,0,0,0,0.0011149,0.0016737,0.0023603,0.0031269,0.0038915,0.0045496,0.0049968,0.0051554,0.0049968,0.0045496,0.0038915,0.0031269,0.0023603,0.0016737,0.0011149,0,0,0,0,0,0,0,0,0.0024352,0.0036557,0.0051554,0.0068298,0.0084999,0.0099373,0.010914,0.01126,0.010914,0.0099373,0.0084999,0.0068298,0.0051554,0.0036557,0.0024352,0,0,0,0,0
0,0,0,0,0,0.00079061,0.0011868,0.0016737,0.0022173,0.0027595,0.0032262,0.0035433,0.0036557,0.0035433,0.0032262,0.0027595,0.0022173,0.0016737,0.0011868,0.00079061,0,0,0,0,0,0,0,0,0.0023603,0.0035433,0.0049968,0.0066197,0.0082383,0.0096316,0.010578,0.010914,0.010578,0.0096316,0.0082383,0.0066197,0.0049968,0.0035433,0.0023603,0,0,0,0,0
0,0,0,0,0,0.00052666,0.00079061,0.0011149,0.0014771,0.0018382,0.0021491,0.0023603,0.0024352,0.0023603,0.0021491,0.0018382,0.0014771,0.0011149,0.00079061,0.00052666,0,0,0,0,0,0,0,0,0.0021491,0.0032262,0.0045496,0.0060273,0.0075011,0.0087697,0.0096316,0.0099373,0.0096316,0.0087697,0.0075011,0.0060273,0.0045496,0.0032262,0.0021491,0,0,0,0,0
0,0,0,0,0,0,0,0,0,0,0,0,0,0,0,0,0,0,0,0,0,0,0,0,0,0,0,0,0.0018382,0.0027595,0.0038915,0.0051554,0.006416,0.0075011,0.0082383,0.0084999,0.0082383,0.0075011,0.006416,0.0051554,0.0038915,0.0027595,0.0018382,0,0,0,0,0
0,0,0,0,0,0,0,0,0,0,0,0,0,0,0,0,0,0,0,0,0,0,0,0,0,0,0,0,0.0014771,0.0022173,0.0031269,0.0041425,0.0051554,0.0060273,0.0066197,0.0068298,0.0066197,0.0060273,0.0051554,0.0041425,0.0031269,0.0022173,0.0014771,0,0,0,0,0
0,0,0,0,0,0,0,0,0,0,0,0,0,0,0,0,0,0,0,0,0,0,0,0,0,0,0,0,0.0011149,0.0016737,0.0023603,0.0031269,0.0038915,0.0045496,0.0049968,0.0051554,0.0049968,0.0045496,0.0038915,0.0031269,0.0023603,0.0016737,0.0011149,0,0,0,0,0
0,0,0,0,0,0,0,0,0,0,0,0,0,0,0,0,0,0,0,0,0,0,0,0,0,0,0,0,0.00079061,0.0011868,0.0016737,0.0022173,0.0027595,0.0032262,0.0035433,0.0036557,0.0035433,0.0032262,0.0027595,0.0022173,0.0016737,0.0011868,0.00079061,0,0,0,0,0
