0,0,0,0.00052666,0.00079061,0.0011149,0.0014771,0.0018382,0.0021491,0.0023603,0.0024352,0.0023603,0.0021491,0.0018382,0.0014771,0.0011149,0.00079061,0.00052666,0,0,0,0,0,0,0,0,0,0,0,0,0.00052666,0.00079061,0.0011149,0.0014771,0.0018382,0.0021491,0.0023603,0.0024352,0.0023603,0.0021491,0.0018382,0.0014771,0.0011149,0.00079061,0.00052666,0.0014771,0.0022173,0.0031269
0,0,0,0.00079061,0.0011868,0.0016737,0.0022173,0.0027595,0.0032262,0.0035433,0.0036557,0.0035433,0.0032262,0.0027595,0.0022173,0.0016737,0.0011868,0.00079061,0,0,0,0,0,0,0,0,0,0,0,0,0,0,0,0,0,0,0,0,0,0,0,0,0,0,0,0.0011149,0.0016737,0.0023603
0,0,0,0.0011149,0.0016737,0.0023603,0.0031269,0.0038915,0.0045496,0.0049968,0.0056821,0.0057874,0.0056646,0.0053686,0.0049651,0.0045094,0.004034,0.0035502,0.0023603,0.0021491,0.0023649,0.0022677,0.0022299,0.0022677,0.0023649,0.0021491,0.0023603,0.0024352,0.0023603,0.0021491,0.0018382,0.0014771,0.0011149,0.00079061,0.00052666,0,0,0,0,0,0,0,0,0,0,0.00079061,0.0011868,0.0016737
0,0,0,0.0014771,0.0022173,0.0031269,0.0041425,0.0051554,0.0060273,0.0066197,0.0076204,0.0078065,0.007701,0.0073727,0.006902,0.0063531,0.0057606,0.0051328,0.0035433,0.0032262,0.0035501,0.0034042,0.0033474,0.0034042,0.0035501,0.0032262,0.0035433,0.0036557,0.0035433,0.0032262,0.0027595,0.0022173,0.0016737,0.0011868,0.00079061,0,0,0,0,0,0,0,0,0,0,0.00052666,0.00079061,0.0011149
0,0,0,0.0018382,0.0027595,0.0038915,0.0051554,0.006416,0.0075011,0.0082383,0.0096148,0.0099121,0.0098614,0.0095429,0.0090469,0.0084412,0.0077563,0.0069936,0.0049968,0.0045496,0.0050065,0.0048006,0.0047206,0.0048006,0.0050065,0.0045496,0.0049968,0.0051554,0.0049968,0.0045496,0.0038915,0.0031269,0.0023603,0.0016737,0.0011149,0,0,0,0,0,0,0,0,0,0,0,0,0
0,0,0,0.0021491,0.0032262,0.0045496,0.0060273,0.0075011,0.0087697,0.0096316,0.011414,0.011849,0.011897,0.011644,0.011183,0.010577,0.0098459,0.0089789,0.0066197,0.0060273,0.0066325,0.0063598,0.0062538,0.0063598,0.0066325,0.0060273,0.0066197,0.0068298,0.0066197,0.0060273,0.0051554,0.0041425,0.0031269,0.0022173,0.0014771,0,0,0,0,0,0,0,0,0,0,0,0,0
0,0,0,0.0023603,0.0035433,0.0049968,0.0066197,0.0082383,0.0096316,0.010578,0.012752,0.013338,0.013523,0.013394,0.013036,0.012498,0.012308,0.011651,0.0093533,0.0089781,0.010092,0.010064,0.010143,0.01035,0.010615,0.0096502,0.010077,0.0099769,0.0093533,0.0082917,0.0069427,0.0051554,0.0038915,0.0027595,0.0018382,0,0,0,0,0,0,0,0,0,0,0,0,0
0.0011149,0.00079061,0.00052666,0.0024352,0.0036557,0.0051554,0.0068298,0.0084999,0.0099373,0.010914,0.01341,0.01414,0.014487,0.014527,0.014331,0.013925,0.014078,0.013559,0.011305,0.010987,0.01241,0.01248,0.012643,0.012909,0.013193,0.011996,0.012391,0.012155,0.011305,0.0099565,0.0082917,0.0060273,0.0045496,0.0032262,0.0021491,0,0,0,0,0,0,0,0,0,0,0,0,0
0.0016737,0.0011868,0.00079061,0.0023603,0.0035433,0.0049968,0.0066197,0.0082383,0.0096316,0.010578,0.013274,0.014122,0.014628,0.014858,0.014858,0.014628,0.015236,0.014948,0.012939,0.012759,0.01449,0.014713,0.01499,0.015318,0.015595,0.014181,0.01447,0.014041,0.012939,0.011305,0.0093533,0.0066197,0.0049968,0.0035433,0.0023603,0,0,0,0,0,0,0,0,0,0,0,0,0
0.0023603,0.0016737,0.0011149,0.0021491,0.0032262,0.0045496,0.0060273,0.0075011,0.0087697,0.0096316,0.012373,0.013287,0.013925,0.014331,0.014527,0.014487,0.015617,0.015627,0.014041,0.01408,0.016091,0.016513,0.016931,0.017315,0.017555,0.015965,0.016069,0.015403,0.014041,0.012155,0.0099769,0.0068298,0.0051554,0.0036557,0.0024352,0,0,0,0,0,0,0,0,0,0,0,0,0
0.0031269,0.0022173,0.0014771,0.0018382,0.0027595,0.0038915,0.0051554,0.006416,0.0075011,0.0082383,0.01086,0.011782,0.012498,0.013036,0.013394,0.013523,0.015176,0.015512,0.01447,0.014787,0.017015,0.017664,0.018232,0.018663,0.018837,0.017133,0.016994,0.016069,0.01447,0.012391,0.010077,0.0066197,0.0049968,0.0035433,0.0023603,0,0,0,0,0,0,0,0,0,0,0,0,0
0.0038915,0.0027595,0.0018382,0.0014771,0.0022173,0.0031269,0.0041425,0.0051554,0.0060273,0.0066197,0.0089789,0.0098459,0.010577,0.011183,0.011644,0.011897,0.013998,0.014641,0.014181,0.014797,0.017151,0.018023,0.018731,0.019191,0.019282,0.017539,0.017133,0.015965,0.014181,0.011996,0.0096502,0.0060273,0.0045496,0.0032262,0.0021491,0,0,0,0,0,0,0,0,0,0,0,0,0
0.0045496,0.0032262,0.0021491,0.0011149,0.0016737,0.0023603,0.0031269,0.0038915,0.0045496,0.0049968,0.0069936,0.0077563,0.0084412,0.0090469,0.0095429,0.0098614,0.012272,0.013158,0.013235,0.014121,0.016493,0.017547,0.018361,0.018829,0.018832,0.017133,0.016477,0.01512,0.013235,0.011044,0.0087764,0.0051554,0.0038915,0.0027595,0.0018382,0,0,0,0,0,0,0,0,0,0,0,0,0
0.0049968,0.0035433,0.0023603,0.00079061,0.0011868,0.0016737,0.0022173,0.0027595,0.0032262,0.0035433,0.0051328,0.0057606,0.0063531,0.006902,0.0073727,0.007701,0.010242,0.011276,0.011775,0.012857,0.015132,0.016297,0.017168,0.01762,0.017547,0.015965,0.01512,0.01366,0.011775,0.009683,0.0075907,0.0041425,0.0031269,0.0022173,0.0014771,0,0,0,0,0,0,0,0,0,0,0,0,0
0.0051554,0.0036557,0.0024352,0.00052666,0.00079061,0.0011149,0.0014771,0.0018382,0.0021491,0.0023603,0.0035502,0.004034,0.0045094,0.0049651,0.0053686,0.0056646,0.0081477,0.0092253,0.0099936,0.011169,0.013245,0.014432,0.015299,0.015715,0.015585,0.014181,0.013235,0.011775,0.0099936,0.0080929,0.0062518,0.0031269,0.0023603,0.0016737,0.0011149,0,0,0,0,0,0,0,0,0,0,0,0,0
0.0049968,0.0035433,0.0023603,0,0,0,0,0,0,0,0.00079061,0.0011868,0.0016737,0.0022173,0.0027595,0.0032262,0.0056924,0.0068819,0.0080929,0.0092535,0.011051,0.012174,0.012979,0.013342,0.013182,0.011996,0.011044,0.009683,0.0080929,0.0064524,0.0049086,0.0022173,0.0016737,0.0011868,0.00079061,0,0,0,0,0,0,0,0,0,0,0,0,0
0.0045496,0.0032262,0.0021491,0,0,0,0,0,0,0,0.00052666,0.00079061,0.0011149,0.0014771,0.0018382,0.0021491,0.0041985,0.0051947,0.0062518,0.0073045,0.0087809,0.0097688,0.010468,0.010768,0.010603,0.0096502,0.0087764,0.0075907,0.0062518,0.0049086,0.0036764,0.0014771,0.0011149,0.00079061,0.00052666,0,0,0,0,0,0,0,0,0,0,0,0,0
0.0038915,0.0027595,0.0018382,0,0,0,0,0,0,0,0,0,0,0,0,0,0.0014771,0.0022173,0.0031269,0.0041425,0.0051554,0.0060273,0.0066197,0.0068298,0.0066197,0.0060273,0.0051554,0.0041425,0.0031269,0.0022173,0.0014771,0,0,0,0,0,0,0,0,0,0,0,0,0,0,0,0,0
0.0031269,0.0022173,0.0014771,0,0,0,0,0,0,0,0,0,0,0,0,0,0.0011149,0.0016737,0.0023603,0.0031269,0.0038915,0.0045496,0.0049968,0.0051554,0.0049968,0.0045496,0.0038915,0.0031269,0.0023603,0.0016737,0.0011149,0,0,0,0,0,0,0,0,0,0,0,0,0,0,0,0,0
0.0023603,0.0016737,0.0011149,0,0,0,0,0,0,0,0,0,0,0,0,0,0.00079061,0.0011868,0.0016737,0.0022173,0.0027595,0.0032262,0.0035433,0.0036557,0.0035433,0.0032262,0.0027595,0.0022173,0.0016737,0.0011868,0.00079061,0,0,0,0,0,0,0,0,0,0,0,0,0,0,0,0,0
0.0016737,0.0011868,0.00079061,0,0,0,0,0,0,0,0,0,0,0,0,0,0.00052666,0.00079061,0.0011149,0.0014771,0.0018382,0.0021491,0.0023603,0.0024352,0.0023603,0.0021491,0.0018382,0.0014771,0.0011149,0.00079061,0.00052666,0,0,0,0,0,0,0,0,0,0,0,0,0,0,0,0,0
0.0011149,0.00079061,0.00052666,0,0,0,0,0,0,0,0,0,0,0,0,0,0,0,0,0,0,0,0,0,0,0,0,0,0,0,0,0,0,0,0,0,0,0,0,0,0,0,0,0,0,0,0,0
0,0,0,0,0,0,0,0,0,0,0,0,0,0,0,0,0,0,0,0,0,0,0,0,0,0,0,0,0,0,0,0,0,0,0,0,0,0,0,0,0,0,0,0,0,0,0,0
0,0,0,0,0,0,0,0,0,0,0,0,0,0,0,0,0,0,0,0,0,0,0,0,0,0,0,0,0,0,0,0,0,0,0,0,0,0,0,0,0,0,0,0,0,0,0,0
0,0,0,0,0,0,0,0,0,0,0,0,0,0,0,0,0,0,0,0,0,0,0,0,0,0,0,0,0,0,0,0,0,0,0,0,0,0,0,0,0,0,0,0,0,0,0,0
0,0,0,0,0,0,0,0,0,0,0,0,0,0,0,0,0,0,0,0,0,0,0,0,0,0,0,0,0,0,0,0,0,0,0,0,0,0,0,0,0,0,0,0,0,0,0,0
0,0,0,0,0,0,0,0,0,0,0,0,0,0,0,0,0,0,0,0,0,0,0,0,0,0,0,0,0,0,0,0,0,0,0,0,0,0,0,0,0,0,0,0,0,0,0,0
0,0,0,0,0,0,0,0,0,0,0,0,0,0,0,0,0,0,0,0,0,0,0,0,0,0,0,0,0,0,0,0,0,0,0,0,0,0,0,0,0,0,0,0,0,0,0,0
0,0,0,0,0,0,0,0,0,0,0,0,0,0,0,0,0,0,0,0,0,0,0,0,0,0,0,0,0,0,0,0,0,0,0,0,0,0,0,0,0,0,0,0,0,0,0,0
0,0,0,0,0,0,0,0,0,0,0,0,0,0,0,0,0,0,0,0,0,0,0,0,0,0,0,0,0,0,0,0,0,0,0,0,0,0,0,0,0,0,0,0,0,0,0,0
0,0,0,0,0,0,0,0,0,0,0,0,0,0,0,0,0,0,0,0,0,0,0,0,0,0,0,0,0,0,0,0,0,0,0,0,0,0,0,0,0,0,0,0,0,0,0,0
0,0,0,0,0,0,0,0,0,0,0,0,0,0,0,0,0,0,0,0,0,0,0,0,0,0,0,0,0,0,0,0,0,0,0,0,0,0,0,0,0,0,0,0,0,0,0,0
