0.0074321,0.0059036,0.0045094,0.0018382,0.0014771,0.0011149,0.00079061,0.00052666,0,0,0,0,0,0,0,0,0,0,0,0,0,0,0,0,0,0,0,0,0,0,0,0,0,0,0,0,0,0,0,0,0,0,0,0,0,0,0,0
0.0088112,0.007199,0.0056614,0.0027595,0.0022173,0.0016737,0.0011868,0.00079061,0,0,0,0,0,0,0,0,0,0,0,0,0,0,0,0,0,0,0,0,0,0,0,0,0,0,0,0,0,0,0,0,0,0,0,0,0,0,0,0
0.010152,0.0085401,0.00691,0.0038915,0.0031269,0.0023603,0.0016737,0.0011149,0,0,0,0,0,0,0,0,0,0,0,0,0,0,0,0,0,0,0,0,0,0,0,0,0,0,0,0,0,0,0,0,0,0,0,0,0,0,0,0
0.011379,0.0098459,0.0081764,0.0051554,0.0041425,0.0031269,0.0022173,0.0014771,0,0,0,0,0,0,0,0,0,0,0,0,0,0,0,0,0,0,0,0,0,0,0,0,0,0,0,0,0,0,0,0,0,0,0,0,0,0,0,0
0.012391,0.010998,0.0093393,0.006416,0.0051554,0.0038915,0.0027595,0.0018382,0,0,0,0,0,0,0,0,0,0,0,0,0,0,0,0,0,0,0,0,0,0,0,0,0,0,0,0,0,0,0,0,0,0,0,0,0,0,0,0
0.013064,0.011849,0.010247,0.0075011,0.0060273,0.0045496,0.0032262,0.0021491,0,0,0,0,0,0,0,0,0,0,0,0,0,0,0,0,0,0,0,0,0,0,0,0,0,0,0,0,0,0,0,0,0,0,0,0,0,0,0,0
0.013274,0.012252,0.010747,0.0082383,0.0066197,0.0049968,0.0035433,0.0023603,0,0,0,0,0,0,0,0,0,0,0,0,0,0,0,0,0,0,0,0,0,0,0,0,0,0,0,0,0,0,0,0,0,0,0.00082864,0.0011686,0.0015481,0.0019267,0.0022525,0.0024739
0.012934,0.012101,0.010728,0.0084999,0.0068298,0.0051554,0.0036557,0.0024352,0.00052666,0.00079061,0.0011149,0.0014771,0.0018382,0.0021491,0.002887,0.0032259,0.0034753,0.0036262,0.0036764,0.0036262,0.0034753,0.0032259,0.002887,0.0021491,0.0018382,0.0014771,0.0011149,0.00079061,0.00052666,0,0,0,0,0,0,0,0,0,0,0,0,0,0.0012439,0.0017542,0.002324,0.0028922,0.0033814,0.0037137
0.013144,0.012846,0.011996,0.010387,0.00898,0.0074321,0.0059036,0.0045094,0.0026288,0.0026639,0.0027887,0.0030079,0.0032862,0.0032262,0.0043339,0.0048426,0.005217,0.0054435,0.005519,0.0054435,0.005217,0.0048426,0.0043339,0.0032262,0.0027595,0.0022173,0.0016737,0.0011868,0.00079061,0,0,0,0,0,0,0,0,0,0,0,0,0,0.0017542,0.0024739,0.0032773,0.0040787,0.0047685,0.0052372
0.011611,0.011849,0.011529,0.010727,0.0095706,0.0082054,0.0067694,0.0053753,0.0038744,0.003891,0.004034,0.0043138,0.0046821,0.0045496,0.0061117,0.0068291,0.0073571,0.0076766,0.007783,0.0076766,0.0073571,0.0068291,0.0061117,0.0045496,0.0038915,0.0031269,0.0023603,0.0016737,0.0011149,0,0,0,0,0,0,0,0,0,0,0,0,0,0.002324,0.0032773,0.0043418,0.0054034,0.0063172,0.0069381
0.011651,0.011892,0.011393,0.010966,0.010152,0.0090469,0.0077563,0.0063879,0.0053686,0.0053442,0.0054872,0.0058162,0.0062704,0.0060273,0.0080967,0.0090471,0.0097466,0.01017,0.010311,0.01017,0.0097466,0.0090471,0.0080967,0.0060273,0.0051554,0.0041425,0.0031269,0.0022173,0.0014771,0,0,0,0,0,0,0,0,0,0,0,0,0,0.0028922,0.0040787,0.0054034,0.0067247,0.0078619,0.0086347
0.011144,0.011553,0.011183,0.011183,0.010762,0.0099567,0.008837,0.0075044,0.0069936,0.006902,0.0070184,0.0073727,0.0078931,0.0075011,0.010077,0.011259,0.01213,0.012657,0.012832,0.012657,0.01213,0.011259,0.010077,0.0075011,0.006416,0.0051554,0.0038915,0.0027595,0.0018382,0,0,0,0,0,0,0,0,0,0,0,0,0,0.0033814,0.0047685,0.0063172,0.0078619,0.0091915,0.010095
0.010721,0.011267,0.010966,0.011393,0.011365,0.01086,0.0099121,0.008616,0.0085651,0.0083816,0.0084412,0.0087868,0.0093393,0.0087697,0.011781,0.013164,0.014181,0.014797,0.015002,0.014797,0.014181,0.013164,0.011781,0.0087697,0.0075011,0.0060273,0.0045496,0.0032262,0.0021491,0,0,0,0,0,0,0,0,0,0,0,0,0,0.0037137,0.0052372,0.0069381,0.0086347,0.010095,0.011087
0.010423,0.011048,0.010727,0.011529,0.011849,0.011611,0.010818,0.0095603,0.0098614,0.0095706,0.0095465,0.0098459,0.010387,0.0096316,0.012939,0.014457,0.015575,0.016251,0.016477,0.016251,0.015575,0.014457,0.012939,0.0096316,0.0082383,0.0066197,0.0049968,0.0035433,0.0023603,0,0,0,0,0,0,0,0,0,0,0,0,0,0.0038316,0.0054034,0.0071584,0.0089087,0.010415,0.011439
0.010192,0.010818,0.010387,0.01147,0.012055,0.012029,0.011369,0.010158,0.010674,0.010275,0.010152,0.010373,0.01086,0.0099373,0.013349,0.014916,0.016069,0.016767,0.017,0.016767,0.016069,0.014916,0.013349,0.0099373,0.0084999,0.0068298,0.0051554,0.0036557,0.0024352,0,0,0,0,0,0,0,0,0,0,0,0,0,0.0037137,0.0052372,0.0069381,0.0086347,0.010095,0.011087
0.0083816,0.0089789,0.0084999,0.0099373,0.010914,0.01126,0.010914,0.0099373,0.01086,0.010373,0.010152,0.010275,0.010674,0.0096316,0.013465,0.015248,0.01669,0.017728,0.018315,0.0184,0.017935,0.016893,0.015299,0.011781,0.010077,0.0080967,0.0061117,0.0043339,0.002887,0,0,0,0,0,0,0,0,0,0,0,0,0,0.0033814,0.0047685,0.0063172,0.0078619,0.0091915,0.010095
0.0085401,0.00898,0.0082383,0.0096316,0.010578,0.010914,0.010578,0.0096316,0.010387,0.0098459,0.0095465,0.0095706,0.0098614,0.0087697,0.012571,0.01435,0.015855,0.017014,0.017762,0.018023,0.017725,0.016819,0.015324,0.011996,0.010261,0.0082446,0.0062234,0.004413,0.0029397,0,0,0,0,0,0,0,0,0,0,0,0,0,0.0028922,0.0040787,0.0054034,0.0067247,0.0078619,0.0086347
0.0082054,0.0084625,0.0075011,0.0087697,0.0096316,0.0099373,0.0096316,0.0087697,0.0093393,0.0087868,0.0084412,0.0083816,0.0085651,0.0075011,0.011192,0.012933,0.01449,0.015783,0.016724,0.017206,0.017127,0.016415,0.015073,0.012051,0.010308,0.0082823,0.0062518,0.0044332,0.0029532,0,0,0,0,0,0,0,0,0,0,0,0,0,0.002324,0.0032773,0.0043418,0.0054034,0.0063172,0.0069381
0.0074348,0.0075157,0.006416,0.0075011,0.0082383,0.0084999,0.0082383,0.0075011,0.0078931,0.0073727,0.0070184,0.006902,0.0069936,0.0060273,0.0095738,0.011264,0.012874,0.014312,0.015466,0.016197,0.016366,0.015877,0.014716,0.012055,0.010311,0.008285,0.0062538,0.0044346,0.0029541,0,0,0,0,0,0,0,0,0,0,0,0,0,0.0017542,0.0024739,0.0032773,0.0040787,0.0047685,0.0052372
0.0063531,0.0062916,0.0051554,0.0060273,0.0066197,0.0068298,0.0066197,0.0060273,0.0062704,0.0058162,0.0054872,0.0053442,0.0053686,0.0045496,0.00795,0.0095886,0.011249,0.012832,0.014199,0.015178,0.015595,0.015329,0.01435,0.012051,0.010308,0.0082823,0.0062518,0.0044332,0.0029532,0,0,0,0,0,0,0,0,0,0,0,0,0,0.0012439,0.0017542,0.002324,0.0028922,0.0033814,0.0037137
0.0051198,0.0049651,0.0038915,0.0045496,0.0049968,0.0051554,0.0049968,0.0045496,0.0046821,0.0043138,0.004034,0.003891,0.0038744,0.0032262,0.006483,0.0080688,0.0097666,0.011471,0.01302,0.014213,0.014849,0.01478,0.013965,0.011996,0.010261,0.0082446,0.0062234,0.004413,0.0029397,0,0,0,0,0,0,0,0,0,0,0,0,0,0.00082864,0.0011686,0.0015481,0.0019267,0.0022525,0.0024739
0.003891,0.0036944,0.0027595,0.0032262,0.0035433,0.0036557,0.0035433,0.0032262,0.0032862,0.0030079,0.0027887,0.0026639,0.0026288,0.0021491,0.0052473,0.0067691,0.0084721,0.010246,0.011915,0.013258,0.014054,0.01414,0.013465,0.011781,0.010077,0.0080967,0.0061117,0.0043339,0.002887,0,0,0,0,0,0,0,0,0,0,0,0,0,0,0,0,0,0,0
0.0027887,0.002592,0.0018382,0.0021491,0.0023603,0.0024352,0.0023603,0.0021491,0.0018382,0.0014771,0.0011149,0.00079061,0.00052666,0,0.0024352,0.0036557,0.0051554,0.0068298,0.0084999,0.0099373,0.010914,0.01126,0.010914,0.0099373,0.0084999,0.0068298,0.0051554,0.0036557,0.0024352,0,0,0,0,0,0,0,0,0,0,0,0,0,0,0,0,0,0,0
0.0011868,0.00079061,0,0,0,0,0,0,0,0,0,0,0,0,0.0023603,0.0035433,0.0049968,0.0066197,0.0082383,0.0096316,0.010578,0.010914,0.010578,0.0096316,0.0082383,0.0066197,0.0049968,0.0035433,0.0023603,0,0,0,0,0,0,0,0,0,0,0,0,0,0,0,0,0,0,0
0.00079061,0.00052666,0,0,0,0,0,0,0,0,0,0,0,0,0.0021491,0.0032262,0.0045496,0.0060273,0.0075011,0.0087697,0.0096316,0.0099373,0.0096316,0.0087697,0.0075011,0.0060273,0.0045496,0.0032262,0.0021491,0,0,0,0,0,0,0,0,0,0,0,0,0,0,0,0,0,0,0
0,0,0,0,0,0,0,0,0,0,0,0,0,0,0.0018382,0.0027595,0.0038915,0.0051554,0.006416,0.0075011,0.0082383,0.0084999,0.0082383,0.0075011,0.006416,0.0051554,0.0038915,0.0027595,0.0018382,0,0,0,0,0,0,0,0,0,0,0,0,0,0,0,0,0,0,0
0,0,0,0,0,0,0,0,0,0,0,0,0,0,0.0014771,0.0022173,0.0031269,0.0041425,0.0051554,0.0060273,0.0066197,0.0068298,0.0066197,0.0060273,0.0051554,0.0041425,0.0031269,0.0022173,0.0014771,0,0,0,0,0,0,0,0,0,0,0,0,0,0,0,0,0,0,0
0,0,0,0,0,0,0,0,0,0,0,0,0,0,0.0011149,0.0016737,0.0023603,0.0031269,0.0038915,0.0045496,0.0049968,0.0051554,0.0049968,0.0045496,0.0038915,0.0031269,0.0023603,0.0016737,0.0011149,0,0,0,0,0,0,0,0,0,0,0,0,0,0,0,0,0,0,0
0,0,0,0,0,0,0,0,0,0,0,0,0,0,0.00079061,0.0011868,0.0016737,0.0022173,0.0027595,0.0032262,0.0035433,0.0036557,0.0035433,0.0032262,0.0027595,0.0022173,0.0016737,0.0011868,0.00079061,0,0,0,0,0,0,0,0,0,0,0,0,0,0,0,0,0,0,0
0,0,0,0,0,0,0,0,0,0,0,0,0,0,0.00052666,0.00079061,0.0011149,0.0014771,0.0018382,0.0021491,0.0023603,0.0024352,0.0023603,0.0021491,0.0018382,0.0014771,0.0011149,0.00079061,0.00052666,0,0,0,0,0,0,0,0,0,0,0,0,0,0,0,0,0,0,0
0,0,0,0,0,0,0,0,0,0,0,0,0,0,0,0,0,0,0,0,0,0,0,0,0,0,0,0,0,0,0,0,0,0,0,0,0,0,0,0,0,0,0,0,0,0,0,0
0.0018382,0.0021491,0.0023603,0.0024352,0.0023603,0.0021491,0.0018382,0.0014771,0.0011149,0.00079061,0.00052666,0,0,0,0,0,0,0,0,0,0,0,0,0,0,0,0,0,0,0,0,0,0,0,0,0,0,0,0,0,0,0,0,0,0,0,0,0
