0.013066,0.012298,0.010966,0.010727,0.010387,0.0084999,0.0082383,0.0075011,0.006416,0.0051554,0.0038915,0.0027595,0.0039873,0.0032262,0.0045496,0.0060273,0.0075011,0.0087697,0.010422,0.011124,0.011305,0.010987,0.010261,0.0092535,0.0080929,0.0068819,0.0056924,0.0032262,0.0027595,0.0033323,0.0033474,0.0035472,0.0039175,0.0038915,0.0056646,0.0066705,0.0075157,0.0081237,0.0084412,0.0084412,0.0081237,0.0075157,0.0066705,0.0056646,0.0038915,0.0031269,0.0023603,0.0016737
0.015005,0.014124,0.012498,0.012313,0.011992,0.0099373,0.010158,0.0095603,0.008616,0.0075044,0.0063879,0.0053753,0.0063476,0.0051947,0.0062518,0.0073045,0.0082542,0.0089781,0.010468,0.010964,0.011125,0.010628,0.010308,0.0097051,0.0088883,0.0079149,0.006835,0.0045496,0.0038915,0.004604,0.0045776,0.0048006,0.0052574,0.0051554,0.0075044,0.008837,0.0099567,0.010762,0.011183,0.011183,0.010762,0.0099567,0.008837,0.0075044,0.0051554,0.0041425,0.0031269,0.0022173
0.016256,0.015288,0.013394,0.013287,0.013013,0.010914,0.011369,0.010818,0.0099121,0.008837,0.0077563,0.0067694,0.0073806,0.0058731,0.0066702,0.0073687,0.0079149,0.0082446,0.0097705,0.010234,0.010537,0.01017,0.010311,0.01017,0.0097466,0.0090471,0.0080967,0.0060273,0.0051554,0.0059807,0.0058864,0.0061088,0.0066325,0.006416,0.0093393,0.010998,0.012391,0.013394,0.013917,0.013917,0.013394,0.012391,0.010998,0.0093393,0.006416,0.0051554,0.0038915,0.0027595
0.01662,0.015599,0.013497,0.013481,0.013274,0.01126,0.012029,0.011611,0.01086,0.0099567,0.0090469,0.0082054,0.008547,0.0068291,0.0073571,0.0076766,0.007783,0.0076766,0.0091954,0.0095886,0.010003,0.0097051,0.010308,0.010628,0.010599,0.010174,0.0093533,0.0075011,0.006416,0.0073045,0.0071177,0.0073091,0.0078655,0.0075011,0.010919,0.012858,0.014487,0.015659,0.016271,0.016271,0.015659,0.014487,0.012858,0.010919,0.0075011,0.0060273,0.0045496,0.0032262
0.016041,0.015007,0.012788,0.012858,0.012727,0.010914,0.012055,0.011849,0.011365,0.010762,0.010152,0.0095706,0.0097706,0.0080167,0.0082934,0.0082446,0.0079149,0.0073687,0.0088193,0.0090992,0.00957,0.0092535,0.010261,0.010987,0.011305,0.011124,0.010422,0.0087697,0.0075011,0.0083876,0.0080929,0.008223,0.0087688,0.0082383,0.011992,0.014122,0.015911,0.017198,0.01787,0.01787,0.017198,0.015911,0.014122,0.011992,0.0082383,0.0066197,0.0049968,0.0035433
0.014621,0.013618,0.011393,0.011529,0.01147,0.0099373,0.01147,0.011529,0.011393,0.011183,0.010966,0.010727,0.010914,0.0092905,0.0093533,0.0089781,0.0082542,0.0073045,0.0086122,0.008738,0.0091954,0.0087688,0.010077,0.011109,0.011693,0.011705,0.011105,0.0096316,0.0082383,0.0090549,0.0086525,0.0086987,0.0091901,0.0084999,0.012373,0.01457,0.016416,0.017744,0.018437,0.018437,0.017744,0.016416,0.01457,0.012373,0.0084999,0.0068298,0.0051554,0.0036557
0.01259,0.011658,0.0095429,0.0097184,0.0097154,0.0084999,0.010387,0.010727,0.010966,0.011183,0.011393,0.011529,0.01147,0.0099373,0.0096316,0.0087697,0.0075011,0.0060273,0.0069849,0.0068819,0.0073045,0.0068298,0.0084999,0.0099373,0.010914,0.01126,0.010914,0.0099373,0.0084999,0.0091901,0.0086987,0.0086525,0.0090549,0.0082383,0.012519,0.014912,0.017026,0.018675,0.019708,0.020019,0.019558,0.018346,0.016482,0.014141,0.010077,0.0080967,0.0061117,0.0043339
0.010245,0.0094185,0.0075157,0.007701,0.0077346,0.0068298,0.00898,0.0095706,0.010152,0.010762,0.011365,0.011849,0.012055,0.010914,0.010578,0.0096316,0.0082383,0.0066197,0.0073571,0.0070865,0.0073571,0.0066197,0.0082383,0.0096316,0.010578,0.010914,0.010578,0.0096316,0.0082383,0.0087688,0.008223,0.0080929,0.0083876,0.0075011,0.011709,0.014045,0.016161,0.017876,0.01903,0.019497,0.019202,0.018143,0.016401,0.014145,0.010261,0.0082446,0.0062234,0.004413
0.0078793,0.0071825,0.0055652,0.0057365,0.0057874,0.0051554,0.0074321,0.0082054,0.0090469,0.0099567,0.01086,0.011611,0.012029,0.01126,0.010914,0.0099373,0.0084999,0.0068298,0.0073045,0.0068819,0.0069849,0.0060273,0.0075011,0.0087697,0.0096316,0.0099373,0.0096316,0.0087697,0.0075011,0.0078655,0.0073091,0.0071177,0.0073045,0.006416,0.010454,0.012672,0.014752,0.016521,0.017809,0.018467,0.018391,0.017547,0.015995,0.013889,0.010308,0.0082823,0.0062518,0.0044332
0.0075675,0.0073205,0.0062348,0.006452,0.0064303,0.0058048,0.0077418,0.0082465,0.0088712,0.0096276,0.010439,0.010818,0.011369,0.010914,0.010578,0.0096316,0.0082383,0.0066197,0.006835,0.0063028,0.0062518,0.0051554,0.006416,0.0075011,0.0082383,0.0084999,0.0082383,0.0075011,0.006416,0.0066325,0.0061088,0.0058864,0.0059807,0.0051554,0.0089814,0.011054,0.013084,0.014905,0.016338,0.01721,0.017382,0.016787,0.015457,0.013532,0.010311,0.008285,0.0062538,0.0044346
0.0055482,0.0058182,0.0053815,0.0058048,0.0059036,0.0056614,0.0072689,0.0075926,0.0080616,0.0086912,0.0094066,0.0095603,0.010158,0.0099373,0.0096316,0.0087697,0.0075011,0.0060273,0.0060267,0.0054435,0.005276,0.0041425,0.0051554,0.0060273,0.0066197,0.0068298,0.0066197,0.0060273,0.0051554,0.0052574,0.0048006,0.0045776,0.004604,0.0038915,0.0075028,0.00943,0.011407,0.013279,0.014857,0.015942,0.016362,0.016016,0.014909,0.013166,0.010308,0.0082823,0.0062518,0.0044332
0.0050784,0.0053403,0.0049968,0.0051554,0.0049968,0.0045496,0.0057297,0.0058864,0.0062518,0.0068291,0.007531,0.0075011,0.0082383,0.0084999,0.0082383,0.0075011,0.006416,0.0051554,0.0050065,0.0044332,0.0041985,0.0031269,0.0038915,0.0045496,0.0049968,0.0051554,0.0049968,0.0045496,0.0038915,0.0039175,0.0035472,0.0033474,0.0033323,0.0027595,0.0061659,0.0079563,0.0098791,0.011788,0.013487,0.014755,0.015392,0.015267,0.014362,0.012786,0.010261,0.0082446,0.0062234,0.004413
0.005946,0.006554,0.0066197,0.0068298,0.0066197,0.0060273,0.0066325,0.0063598,0.0062538,0.0063598,0.0066325,0.0060273,0.0066197,0.0068298,0.0066197,0.0060273,0.0051554,0.0041425,0.0039175,0.0034042,0.0031508,0.0022173,0.0027595,0.0032262,0.0035433,0.0036557,0.0035433,0.0032262,0.0027595,0.002744,0.0024643,0.0023018,0.0022677,0.0018382,0.0050361,0.0066942,0.008547,0.010457,0.012226,0.013619,0.014416,0.014464,0.013729,0.012307,0.010077,0.0080967,0.0061117,0.0043339
0.006416,0.0075011,0.0082383,0.0084999,0.0082383,0.0075011,0.007531,0.0068291,0.0062518,0.0058864,0.0057297,0.0045496,0.0049968,0.0051554,0.0049968,0.0045496,0.0038915,0.0031269,0.002887,0.0024643,0.0022299,0.0014771,0.0018382,0.0021491,0.0023603,0.0024352,0.0023603,0.0021491,0.0018382,0.0014771,0.0011149,0.00079061,0.00052666,0,0.0024352,0.0036557,0.0051554,0.0068298,0.0084999,0.0099373,0.010914,0.01126,0.010914,0.0099373,0.0084999,0.0068298,0.0051554,0.0036557
0.0075011,0.0087697,0.0096316,0.0099373,0.0096316,0.0087697,0.0082917,0.0072141,0.0062234,0.0054435,0.0049086,0.0032262,0.0035433,0.0036557,0.0035433,0.0032262,0.0027595,0.0022173,0.0016737,0.0011868,0.00079061,0,0,0,0,0,0,0,0,0,0,0,0,0,0.0023603,0.0035433,0.0049968,0.0066197,0.0082383,0.0096316,0.010578,0.010914,0.010578,0.0096316,0.0082383,0.0066197,0.0049968,0.0035433
0.0082383,0.0096316,0.010578,0.010914,0.010578,0.0096316,0.008765,0.0074103,0.0061117,0.0050203,0.0041985,0.0021491,0.0023603,0.0024352,0.0023603,0.0021491,0.0018382,0.0014771,0.0011149,0.00079061,0.00052666,0,0,0,0,0,0,0,0,0,0,0,0,0,0.0021491,0.0032262,0.0045496,0.0060273,0.0075011,0.0087697,0.0096316,0.0099373,0.0096316,0.0087697,0.0075011,0.0060273,0.0045496,0.0032262
0.0084999,0.0099373,0.010914,0.01126,0.010914,0.0099373,0.0084999,0.0068298,0.0051554,0.0036557,0.0024352,0,0,0,0,0,0,0,0,0,0,0,0,0,0,0,0,0,0,0,0,0,0,0,0.0018382,0.0027595,0.0038915,0.0051554,0.006416,0.0075011,0.0082383,0.0084999,0.0082383,0.0075011,0.006416,0.0051554,0.0038915,0.0027595
0.0082383,0.0096316,0.010578,0.010914,0.010578,0.0096316,0.0082383,0.0066197,0.0049968,0.0035433,0.0023603,0,0,0,0,0,0,0,0,0,0,0,0,0,0,0,0,0,0,0,0,0,0,0,0.0014771,0.0022173,0.0031269,0.0041425,0.0051554,0.0060273,0.0066197,0.0068298,0.0066197,0.0060273,0.0051554,0.0041425,0.0031269,0.0022173
0.0075011,0.0087697,0.0096316,0.0099373,0.0096316,0.0087697,0.0075011,0.0060273,0.0045496,0.0032262,0.0021491,0,0,0,0,0,0,0,0,0,0,0,0,0,0,0,0,0,0,0,0,0,0,0,0.0011149,0.0016737,0.0023603,0.0031269,0.0038915,0.0045496,0.0049968,0.0051554,0.0049968,0.0045496,0.0038915,0.0031269,0.0023603,0.0016737
0.006416,0.0075011,0.0082383,0.0084999,0.0082383,0.0075011,0.006416,0.0051554,0.0038915,0.0027595,0.0018382,0,0,0,0,0,0,0,0,0,0,0,0,0,0,0,0,0,0,0,0,0,0,0,0.00079061,0.0011868,0.0016737,0.0022173,0.0027595,0.0032262,0.0035433,0.0036557,0.0035433,0.0032262,0.0027595,0.0022173,0.0016737,0.0011868
0.0051554,0.0060273,0.0066197,0.0068298,0.0066197,0.0060273,0.0051554,0.0041425,0.0031269,0.0022173,0.0014771,0,0,0,0,0,0,0,0,0,0,0,0,0,0,0,0,0,0,0,0,0,0,0,0.00052666,0.00079061,0.0011149,0.0014771,0.0018382,0.0021491,0.0023603,0.0024352,0.0023603,0.0021491,0.0018382,0.0014771,0.0011149,0.00079061
0.0038915,0.0045496,0.0049968,0.0051554,0.0049968,0.0045496,0.0038915,0.0031269,0.0023603,0.0016737,0.0011149,0,0,0,0,0,0,0.00052666,0.00079061,0.0011149,0.0014771,0.0018382,0.0021491,0.0023603,0.0024352,0.0023603,0.0021491,0.0018382,0.0014771,0.0011149,0.00079061,0.00052666,0,0,0,0,0,0,0,0,0,0,0,0,0,0,0,0
0.0027595,0.0032262,0.0035433,0.0036557,0.0035433,0.0032262,0.0027595,0.0022173,0.0016737,0.0011868,0.00079061,0,0,0,0,0,0,0.00079061,0.0011868,0.0016737,0.0022173,0.0027595,0.0032262,0.0035433,0.0036557,0.0035433,0.0032262,0.0027595,0.0022173,0.0016737,0.0011868,0.00079061,0,0,0,0,0,0,0,0,0,0,0,0,0,0,0,0
0.0018382,0.0021491,0.0023603,0.0024352,0.0023603,0.0021491,0.0018382,0.0014771,0.0011149,0.00079061,0.00052666,0,0,0,0,0,0,0.0011149,0.0016737,0.0023603,0.0031269,0.0038915,0.0045496,0.0049968,0.0051554,0.0049968,0.0045496,0.0038915,0.0031269,0.0023603,0.0016737,0.0011149,0,0,0,0,0,0,0,0,0,0,0,0,0,0,0,0
0,0,0,0,0.00052666,0.00079061,0.0011149,0.0014771,0.0018382,0.0021491,0.0023603,0.0024352,0.0023603,0.0021491,0.0018382,0.0014771,0.0011149,0.0022677,0.002744,0.0031269,0.0041425,0.0051554,0.0060273,0.0066197,0.0068298,0.0066197,0.0060273,0.0051554,0.0041425,0.0031269,0.0022173,0.0014771,0,0,0,0,0,0,0,0,0,0,0,0,0,0,0,0
0,0,0,0,0.00079061,0.0011868,0.0016737,0.0022173,0.0027595,0.0032262,0.0035433,0.0036557,0.0035433,0.0032262,0.0027595,0.0022173,0.0016737,0.0030251,0.0035501,0.0038915,0.0051554,0.006416,0.0075011,0.0082383,0.0084999,0.0082383,0.0075011,0.006416,0.0051554,0.0038915,0.0027595,0.0018382,0,0,0,0,0,0,0,0,0,0,0,0,0,0,0,0
0,0,0,0,0.0011149,0.0016737,0.0023603,0.0031269,0.0038915,0.0045496,0.0049968,0.0051554,0.0049968,0.0045496,0.0038915,0.0031269,0.0023603,0.0038228,0.0043411,0.0045496,0.0060273,0.0075011,0.0087697,0.0096316,0.0099373,0.0096316,0.0087697,0.0075011,0.0060273,0.0045496,0.0032262,0.0021491,0,0,0,0,0,0,0,0,0,0,0,0,0,0,0,0
0,0,0,0,0.0014771,0.0022173,0.0031269,0.0041425,0.0051554,0.0060273,0.0066197,0.0068298,0.0066197,0.0060273,0.0051554,0.0041425,0.0031269,0.0045776,0.0050203,0.0049968,0.0066197,0.0082383,0.0096316,0.010578,0.010914,0.010578,0.0096316,0.0082383,0.0066197,0.0049968,0.0035433,0.0023603,0,0,0,0,0,0,0,0,0,0,0,0,0,0,0,0
0,0,0,0,0.0018382,0.0027595,0.0038915,0.0051554,0.006416,0.0075011,0.0082383,0.0084999,0.0082383,0.0075011,0.006416,0.0051554,0.0038915,0.0051947,0.005494,0.0051554,0.0068298,0.0084999,0.0099373,0.010914,0.01126,0.010914,0.0099373,0.0084999,0.0068298,0.0051554,0.0036557,0.0024352,0,0,0,0,0,0,0,0,0,0,0,0,0,0,0,0
0,0,0,0,0.0021491,0.0032262,0.0045496,0.0060273,0.0075011,0.0087697,0.0096316,0.0099373,0.0096316,0.0087697,0.0075011,0.0060273,0.0045496,0.0055865,0.0056924,0.0049968,0.0066197,0.0082383,0.0096316,0.010578,0.010914,0.010578,0.0096316,0.0082383,0.0066197,0.0049968,0.0035433,0.0023603,0,0,0,0,0,0,0,0,0,0,0,0,0,0,0,0
0,0,0,0,0.0023603,0.0035433,0.0049968,0.0066197,0.0082383,0.0096316,0.010578,0.010914,0.010578,0.0096316,0.0082383,0.0066197,0.0049968,0.0056924,0.0055865,0.0045496,0.0060273,0.0075011,0.0087697,0.0096316,0.0099373,0.0096316,0.0087697,0.0075011,0.0060273,0.0045496,0.0032262,0.0021491,0,0,0,0,0,0,0,0,0,0,0,0,0,0,0,0
0,0,0,0,0.0024352,0.0036557,0.0051554,0.0068298,0.0084999,0.0099373,0.010914,0.01126,0.010914,0.0099373,0.0084999,0.0073565,0.005946,0.0066089,0.0066718,0.0057297,0.0073045,0.0087764,0.0099363,0.010599,0.010649,0.010077,0.0089781,0.007531,0.005946,0.0044182,0.0027595,0.0018382,0,0,0,0,0,0,0,0,0,0,0,0,0,0,0,0
