0.0090469,0.0077563,0.0063879,0.0038915,0.0031269,0.0041985,0.0044332,0.0050065,0.0051554,0.006416,0.0075011,0.010077,0.011259,0.01213,0.012657,0.012832,0.012657,0.01213,0.011259,0.010077,0.0075011,0.006416,0.0051554,0.0038915,0.0027595,0.0018382,0,0,0,0,0,0,0,0,0,0,0,0,0.0028922,0.0040787,0.0054034,0.0067247,0.0078619,0.0086347,0.0089087,0.0086347,0.0078619,0.0067247
0.0099567,0.008837,0.0075044,0.0051554,0.0041425,0.005276,0.0054435,0.0060267,0.0060273,0.0075011,0.0087697,0.011781,0.013164,0.014181,0.014797,0.015002,0.014797,0.014181,0.013164,0.011781,0.0087697,0.0075011,0.0060273,0.0045496,0.0032262,0.0021491,0,0,0,0,0,0,0,0,0,0,0,0,0.0033814,0.0047685,0.0063172,0.0078619,0.0091915,0.010095,0.010415,0.010095,0.0091915,0.0078619
0.01086,0.0099121,0.008616,0.006416,0.0051554,0.0062518,0.0063028,0.006835,0.0066197,0.0082383,0.0096316,0.012939,0.014457,0.015575,0.016251,0.016477,0.016251,0.015575,0.014457,0.012939,0.0096316,0.0082383,0.0066197,0.0049968,0.0035433,0.0023603,0,0,0,0,0,0,0,0,0,0,0,0,0.0037137,0.0052372,0.0069381,0.0086347,0.010095,0.011087,0.011439,0.011087,0.010095,0.0086347
0.011611,0.010818,0.0095603,0.0075011,0.0060273,0.0069849,0.0068819,0.0073045,0.0068298,0.0084999,0.0099373,0.013349,0.014916,0.016069,0.016767,0.017,0.016767,0.016069,0.014916,0.013349,0.0099373,0.0084999,0.0068298,0.0051554,0.0036557,0.0024352,0,0,0,0,0,0,0,0,0,0,0,0,0.0038316,0.0054034,0.0071584,0.0089087,0.010415,0.011439,0.011802,0.011439,0.010415,0.0089087
0.012029,0.011369,0.010158,0.0082383,0.0066197,0.0073571,0.0070865,0.0073571,0.0066197,0.0082383,0.0096316,0.012939,0.014457,0.015575,0.016251,0.016477,0.016251,0.015575,0.014457,0.012939,0.0096316,0.0082383,0.0066197,0.0049968,0.0035433,0.0023603,0,0,0,0,0,0,0,0,0,0,0,0,0.0037137,0.0052372,0.0069381,0.0086347,0.010095,0.011087,0.011439,0.011087,0.010095,0.0086347
0.01126,0.010914,0.0099373,0.0084999,0.0068298,0.0073045,0.0068819,0.0069849,0.0060273,0.0075011,0.0092963,0.012571,0.014278,0.015658,0.016635,0.017151,0.017157,0.016616,0.015524,0.01393,0.010608,0.0089781,0.0071422,0.0053403,0.0037528,0.0021491,0,0,0,0,0,0,0,0,0,0,0,0,0.0033814,0.0047685,0.0063172,0.0078619,0.0091915,0.010095,0.010415,0.010095,0.0091915,0.0078619
0.010914,0.010578,0.0096316,0.0082383,0.0066197,0.006835,0.0063028,0.0062518,0.0051554,0.006416,0.0082917,0.011263,0.012933,0.014347,0.015416,0.016058,0.0162,0.015786,0.014803,0.013303,0.010261,0.0086333,0.0068291,0.0050784,0.0035501,0.0018382,0,0,0,0,0,0,0,0,0,0,0,0,0.0028922,0.0040787,0.0054034,0.0067247,0.0078619,0.0086347,0.0089087,0.0086347,0.0078619,0.0067247
0.0099373,0.0096316,0.0087697,0.0075011,0.0060273,0.0060267,0.0054435,0.005276,0.0041425,0.0051554,0.0071422,0.0097705,0.011407,0.012874,0.014061,0.01486,0.015167,0.014902,0.014044,0.012646,0.0099188,0.0082823,0.0065028,0.0048006,0.0033323,0.0014771,0,0,0,0,0,0,0,0,0,0,0,0,0.002324,0.0032773,0.0043418,0.0054034,0.0063172,0.0069381,0.0071584,0.0069381,0.0063172,0.0054034
0.0084999,0.0082383,0.0075011,0.006416,0.0051554,0.0050065,0.0044332,0.0041985,0.0031269,0.0038915,0.0060267,0.0083291,0.0099561,0.0115,0.012832,0.01381,0.014296,0.014187,0.013449,0.012139,0.0097051,0.008034,0.0062538,0.0045776,0.0031508,0.0011149,0,0,0,0,0,0,0,0,0,0,0,0,0.0017542,0.0024739,0.0032773,0.0040787,0.0047685,0.0052372,0.0054034,0.0052372,0.0047685,0.0040787
0.0068298,0.0066197,0.0060273,0.0051554,0.0041425,0.0039175,0.0034042,0.0031508,0.0022173,0.0027595,0.0050644,0.0070934,0.0087341,0.010372,0.01186,0.01302,0.013682,0.013717,0.013081,0.011835,0.0096422,0.0079149,0.0061088,0.0044332,0.0030251,0.00079061,0,0,0,0,0,0,0,0,0,0,0,0,0.0012439,0.0017542,0.002324,0.0028922,0.0033814,0.0037137,0.0038316,0.0037137,0.0033814,0.0028922
0.0051554,0.0049968,0.0045496,0.0038915,0.0031269,0.002887,0.0024643,0.0022299,0.0014771,0.0018382,0.0042982,0.0061132,0.0077755,0.0095026,0.011127,0.012446,0.013258,0.013413,0.012857,0.011657,0.0096502,0.0078655,0.0060267,0.0043411,0.0029397,0.00052666,0,0,0,0,0,0,0,0,0,0,0,0,0.00082864,0.0011686,0.0015481,0.0019267,0.0022525,0.0024739,0.0025524,0.0024739,0.0022525,0.0019267
0.0036557,0.0035433,0.0032262,0.0027595,0.0022173,0.0016737,0.0011868,0.00079061,0,0,0.0023603,0.0035433,0.0049968,0.0066197,0.0082383,0.0096316,0.010578,0.010914,0.010578,0.0096316,0.0082383,0.0066197,0.0049968,0.0035433,0.0023603,0,0,0,0,0,0,0,0,0,0,0,0,0,0,0,0,0,0,0,0,0,0,0
0.0024352,0.0023603,0.0021491,0.0018382,0.0014771,0.0011149,0.00079061,0.00052666,0,0,0.0024352,0.0036557,0.0051554,0.0068298,0.0084999,0.0099373,0.010914,0.01126,0.010914,0.0099373,0.0084999,0.0068298,0.0051554,0.0036557,0.0024352,0,0,0,0,0,0,0,0,0,0,0,0,0,0,0,0,0,0,0,0,0,0,0
0,0,0,0,0,0,0,0,0,0,0.0023603,0.0035433,0.0049968,0.0066197,0.0082383,0.0096316,0.010578,0.010914,0.010578,0.0096316,0.0082383,0.0066197,0.0049968,0.0035433,0.0023603,0,0,0,0,0,0,0,0,0,0,0,0,0,0,0,0,0,0,0,0,0,0,0
0,0,0,0,0,0,0,0,0,0,0.0021491,0.0032262,0.0045496,0.0060273,0.0075011,0.0087697,0.0096316,0.0099373,0.0096316,0.0087697,0.0075011,0.0060273,0.0045496,0.0032262,0.0021491,0,0,0,0,0,0,0,0,0,0,0,0,0,0,0,0,0,0,0,0,0,0,0
0,0,0,0,0,0,0,0,0,0,0.0018382,0.0027595,0.0038915,0.0051554,0.006416,0.0075011,0.0082383,0.0084999,0.0082383,0.0075011,0.006416,0.0051554,0.0038915,0.0027595,0.0018382,0,0,0,0,0,0,0,0,0,0,0,0,0,0,0,0,0,0,0,0,0,0,0
0,0,0,0,0,0,0,0,0,0,0.0014771,0.0022173,0.0031269,0.0041425,0.0051554,0.0060273,0.0066197,0.0068298,0.0066197,0.0060273,0.0051554,0.0041425,0.0031269,0.0022173,0.0014771,0,0,0,0,0,0,0,0,0,0,0,0,0,0,0,0,0,0,0,0,0,0,0
0,0,0,0,0,0,0,0,0,0,0.0011149,0.0016737,0.0023603,0.0031269,0.0038915,0.0045496,0.0049968,0.0051554,0.0049968,0.0045496,0.0038915,0.0031269,0.0023603,0.0016737,0.0011149,0,0,0,0,0,0,0,0,0,0,0,0,0,0,0,0,0,0,0,0,0,0,0
0,0,0,0,0,0,0,0,0,0,0.00079061,0.0011868,0.0016737,0.0022173,0.0027595,0.0032262,0.0035433,0.0036557,0.0035433,0.0032262,0.0027595,0.0022173,0.0016737,0.0011868,0.00079061,0,0,0,0,0,0,0,0,0,0,0,0,0,0,0,0,0,0,0,0,0,0,0
0,0,0,0,0,0,0,0,0,0,0.00052666,0.00079061,0.0011149,0.0014771,0.0018382,0.0021491,0.0023603,0.0024352,0.0023603,0.0021491,0.0018382,0.0014771,0.0011149,0.00079061,0.00052666,0,0,0,0,0,0,0,0,0,0,0,0,0,0,0,0,0,0,0,0,0,0,0
0.0024352,0.0023603,0.0021491,0.0018382,0.0014771,0.0011149,0.00079061,0.00052666,0,0,0,0,0,0,0,0,0,0,0,0,0,0,0,0,0,0,0,0,0,0,0,0,0,0,0,0,0,0,0,0,0,0,0,0,0,0,0,0
0.0036557,0.0035433,0.0032262,0.0027595,0.0022173,0.0016737,0.0011868,0.00079061,0,0,0,0,0,0,0,0,0,0,0,0,0,0,0,0,0,0,0,0,0,0,0,0,0,0,0,0,0,0,0,0,0,0,0,0,0,0,0,0
0.0051554,0.0049968,0.0045496,0.0038915,0.0031269,0.0023603,0.0016737,0.0011149,0,0,0,0,0,0,0,0,0,0,0,0,0,0,0,0,0,0,0,0,0,0,0,0,0,0,0,0,0,0,0,0,0,0,0,0,0,0,0,0
0.0068298,0.0066197,0.0060273,0.0051554,0.0041425,0.0031269,0.0022173,0.0014771,0,0,0,0,0,0,0,0,0,0,0,0,0,0,0,0,0,0,0,0,0,0,0,0,0,0,0,0,0,0,0,0,0,0,0,0,0,0,0,0
0.0084999,0.0082383,0.0075011,0.006416,0.0051554,0.0038915,0.0027595,0.0018382,0,0,0,0,0,0,0,0,0,0,0,0,0,0,0,0,0,0,0,0,0,0,0,0,0,0,0,0,0,0,0,0,0,0,0,0,0,0,0,0
0.0099373,0.0096316,0.0087697,0.0075011,0.0060273,0.0045496,0.0032262,0.0021491,0,0,0,0,0,0,0,0,0,0,0,0,0,0,0,0,0,0,0,0,0,0,0,0,0,0,0,0,0,0,0,0,0,0,0,0,0,0,0,0
0.010914,0.010578,0.0096316,0.0082383,0.0066197,0.0049968,0.0035433,0.0023603,0,0,0,0,0,0,0,0,0,0,0,0,0,0,0,0,0,0,0,0,0,0,0,0,0,0,0,0,0,0,0,0,0,0,0,0,0,0,0,0
0.01126,0.010914,0.0099373,0.0084999,0.0068298,0.0051554,0.0036557,0.0024352,0,0,0,0,0,0,0,0,0,0,0,0,0,0,0,0,0,0,0,0,0,0,0,0,0,0,0,0,0,0,0,0,0,0,0,0,0,0,0,0
0.010914,0.010578,0.0096316,0.0082383,0.0066197,0.0049968,0.0035433,0.0023603,0,0,0,0,0,0,0,0,0,0,0,0,0,0,0,0,0,0,0,0,0,0,0,0,0,0,0,0,0,0,0,0,0,0,0,0,0,0,0,0
0.012086,0.01147,0.010247,0.008616,0.0068179,0.0050763,0.0032262,0.0021491,0,0,0,0,0,0,0,0,0,0,0,0,0,0,0,0,0,0,0,0,0,0,0,0,0,0,0,0,0,0,0,0,0,0,0,0,0,0,0,0
0.011726,0.010998,0.0097184,0.0080897,0.0063423,0.0046821,0.0027595,0.0018382,0,0,0,0,0,0,0,0,0,0,0,0,0,0,0,0,0,0,0,0,0,0,0,0,0,0,0,0,0,0,0,0,0,0,0,0,0,0,0,0
0.011379,0.010511,0.0091542,0.0075157,0.0058162,0.0042419,0.0022173,0.0014771,0,0,0,0,0,0,0,0,0,0,0,0,0,0,0,0,0,0,0,0,0,0,0,0,0,0,0,0,0,0,0,0,0,0,0,0,0,0,0,0
