0,0,0,0,0,0,0,0,0,0,0,0,0,0,0,0,0,0,0,0,0,0,0,0,0,0,0,0,0,0,0,0,0,0,0,0,0,0,0,0,0,0,0,0,0,0,0,0
0,0,0,0,0,0,0,0,0,0,0,0,0,0,0,0,0,0,0,0,0,0,0,0,0,0,0,0,0,0,0,0,0,0,0,0,0,0,0,0,0,0,0,0,0,0,0,0
0,0,0,0,0,0,0,0,0,0,0,0,0,0,0,0,0,0,0,0,0,0,0,0,0,0,0,0,0,0,0,0,0,0,0,0,0,0,0,0,0,0,0,0,0,0,0,0
0,0,0,0,0,0,0,0,0,0,0,0,0,0,0,0,0,0,0,0,0,0,0,0,0,0,0,0,0,0,0,0,0,0,0,0,0,0,0,0,0,0,0,0,0,0,0,0
0,0,0,0,0,0,0,0,0,0,0,0,0,0,0,0,0,0,0,0,0,0,0,0,0,0,0,0,0,0,0,0,0,0,0,0,0,0,0,0,0,0,0,0,0,0,0,0
0,0,0,0,0,0,0,0,0,0,0,0,0,0,0,0,0,0,0,0,0,0,0,0,0,0,0,0,0,0,0,0,0,0,0,0,0,0,0,0,0,0,0,0,0,0,0,0
0,0,0,0,0,0,0,0,0,0,0,0,0,0,0,0,0,0,0,0,0,0,0,0,0,0,0,0,0,0,0,0,0,0,0,0,0,0,0,0,0,0,0,0,0,0,0,0
0,0,0,0,0,0,0,0,0,0,0,0,0,0,0,0,0,0,0,0,0,0,0,0,0,0,0,0,0,0,0,0,0,0,0,0,0,0,0.00052666,0.00079061,0.0011149,0.0014771,0.0018382,0.0021491,0.0023603,0.0024352,0.0023603,0.0021491
0,0,0,0,0,0,0,0,0,0,0,0,0,0,0,0,0,0,0,0,0,0,0,0,0,0,0,0,0,0,0,0,0,0,0,0,0,0,0.00079061,0.0011868,0.0016737,0.0022173,0.0027595,0.0032262,0.0035433,0.0036557,0.0035433,0.0032262
0,0,0,0,0,0,0,0,0,0,0,0,0,0,0,0,0,0,0,0,0,0,0,0,0,0,0,0,0,0,0,0,0,0,0,0,0,0,0.0011149,0.0016737,0.0023603,0.0031269,0.0038915,0.0045496,0.0049968,0.0051554,0.0049968,0.0045496
0,0,0,0,0,0,0,0,0,0,0,0,0,0,0,0,0,0,0,0,0,0,0,0,0,0,0,0,0,0,0,0,0,0,0,0,0,0,0.0014771,0.0022173,0.0031269,0.0041425,0.0051554,0.0060273,0.0066197,0.0068298,0.0066197,0.0060273
0,0,0,0,0,0,0,0,0,0,0,0,0,0,0,0,0,0,0,0,0,0,0,0,0,0,0,0,0,0,0,0,0,0,0,0,0,0,0.0018382,0.0027595,0.0038915,0.0051554,0.006416,0.0075011,0.0082383,0.0084999,0.0082383,0.0075011
0,0,0,0,0,0,0,0,0,0,0,0,0,0,0,0,0,0,0,0,0,0,0,0,0,0,0,0,0,0,0,0,0,0,0,0,0,0,0.0021491,0.0032262,0.0045496,0.0060273,0.0075011,0.0087697,0.0096316,0.0099373,0.0096316,0.0087697
0,0,0,0,0,0,0,0,0,0,0,0,0,0,0,0,0,0,0,0,0,0,0,0,0,0,0,0,0,0,0,0,0,0,0,0,0,0,0.0023603,0.0035433,0.0049968,0.0066197,0.0082383,0.0096316,0.010578,0.010914,0.010578,0.0096316
0,0,0,0,0,0,0,0,0,0,0,0,0,0,0,0,0,0,0,0,0,0,0,0,0,0,0,0,0,0,0,0,0,0,0,0,0,0,0.0024352,0.0036557,0.0051554,0.0068298,0.0084999,0.0099373,0.010914,0.01126,0.010914,0.0099373
0,0,0,0,0,0,0,0,0,0,0,0,0,0,0,0,0,0,0,0,0,0,0,0,0,0,0,0,0,0,0,0,0,0,0,0,0,0,0.0023603,0.0035433,0.0055235,0.0074103,0.0093533,0.011109,0.012416,0.013063,0.012939,0.012067
0,0,0,0,0,0,0,0,0,0,0,0,0,0,0,0,0,0,0,0,0,0,0,0,0,0,0,0,0,0,0,0,0,0,0,0,0,0,0.0021491,0.0032262,0.0053403,0.0072141,0.0091748,0.010987,0.012391,0.013164,0.013175,0.012425
0,0,0,0,0,0,0,0,0,0,0,0,0,0,0,0,0,0,0,0,0.00052666,0.00079061,0.0011149,0.0014771,0.0018382,0.0021491,0.0023603,0.0024352,0.0023603,0.0021491,0.0018382,0.0014771,0.0011149,0.00079061,0.00052666,0,0,0,0.0018382,0.0027595,0.0050065,0.0068291,0.0087764,0.010628,0.01213,0.013049,0.013235,0.012657
0,0,0,0,0,0,0,0,0,0,0,0,0,0,0,0,0,0,0,0,0.00079061,0.0011868,0.0016737,0.0022173,0.0027595,0.0032262,0.0035433,0.0036557,0.0040699,0.0040168,0.0038744,0.0036944,0.0035119,0.0033359,0.0031509,0.0024352,0.0023603,0.0021491,0.0033153,0.0036944,0.0057189,0.0071504,0.008809,0.01017,0.011775,0.012857,0.013239,0.012857
0,0,0,0,0,0,0,0,0,0,0,0,0,0,0,0,0,0,0,0,0.0011149,0.0016737,0.0023603,0.0031269,0.0038915,0.0045496,0.0049968,0.0051554,0.0057874,0.0057365,0.0055652,0.0053442,0.0051198,0.0048999,0.0046582,0.0036557,0.0035433,0.0032262,0.0038744,0.003891,0.0058723,0.0070733,0.0085736,0.0097051,0.011413,0.012657,0.013235,0.013049
0,0,0,0,0,0,0,0,0,0,0,0,0,0,0,0,0,0.00052666,0.00079061,0.0011149,0.0029541,0.0040555,0.005276,0.0065028,0.0075907,0.0083876,0.0087688,0.008668,0.0092117,0.008816,0.0083064,0.0077961,0.0070184,0.006767,0.0064739,0.0051554,0.0049968,0.0045496,0.0046821,0.0043138,0.0061831,0.0071172,0.0084241,0.0092535,0.011044,0.012425,0.013175,0.013164
0,0,0,0,0,0,0,0,0,0,0,0,0,0,0,0,0,0.00079061,0.0011868,0.0016737,0.0040555,0.005519,0.0071177,0.0086987,0.010072,0.011044,0.011465,0.011259,0.011933,0.011392,0.01073,0.010089,0.0090469,0.0087868,0.0084579,0.0068298,0.0066197,0.0060273,0.0056821,0.0049331,0.0066022,0.0072376,0.0083121,0.0087688,0.010599,0.012067,0.012939,0.013063
0,0,0,0,0,0,0,0,0,0,0,0,0,0,0,0,0,0.0011149,0.0016737,0.0023603,0.005276,0.0071177,0.0090993,0.011024,0.012657,0.013766,0.014181,0.013829,0.014597,0.013889,0.013066,0.012298,0.010966,0.010727,0.010387,0.0084999,0.0082383,0.0075011,0.006416,0.0051554,0.0063268,0.0064152,0.0069936,0.0068298,0.0084999,0.0099373,0.010914,0.01126
0,0,0,0,0,0,0,0,0,0.00052666,0.00079061,0.0011149,0.0014771,0.0018382,0.0021491,0.0023603,0.0024352,0.0038374,0.0043664,0.0049651,0.0079799,0.0098136,0.011815,0.013766,0.015068,0.016251,0.016606,0.016069,0.01687,0.015985,0.015005,0.014124,0.012498,0.012313,0.011992,0.0099373,0.0096316,0.0087697,0.0075011,0.0060273,0.00691,0.0067694,0.0071459,0.0066197,0.008765,0.010422,0.011693,0.012391
0,0,0,0,0,0,0,0,0,0.00079061,0.0011868,0.0016737,0.0022173,0.0027595,0.0032262,0.0035433,0.0036557,0.0053815,0.0059857,0.006651,0.009808,0.011745,0.013843,0.015859,0.017,0.018176,0.018415,0.017677,0.01843,0.017372,0.016256,0.015288,0.013394,0.013287,0.013013,0.010914,0.010578,0.0096316,0.0082383,0.0066197,0.0071459,0.0067694,0.00691,0.0060273,0.0082917,0.0099565,0.011305,0.012155
0,0,0,0,0,0,0,0,0,0.0011149,0.0016737,0.0023603,0.0031269,0.0038915,0.0045496,0.0049968,0.0051554,0.0071459,0.0077758,0.0084412,0.011515,0.013405,0.01544,0.017366,0.018176,0.019263,0.019348,0.018415,0.019041,0.017837,0.01662,0.015599,0.014023,0.014271,0.014389,0.012738,0.012752,0.012086,0.01086,0.0092651,0.009354,0.0085643,0.008165,0.0066325,0.0086459,0.0099654,0.011125,0.011627
0,0,0,0,0,0,0,0,0,0.0014771,0.0022173,0.0031269,0.0041425,0.0051554,0.0060273,0.0066197,0.0068298,0.00898,0.0095706,0.010152,0.012911,0.014591,0.016399,0.018083,0.018415,0.019348,0.019263,0.018176,0.018612,0.01731,0.016041,0.015007,0.013579,0.014045,0.014401,0.013131,0.013338,0.012858,0.011782,0.010275,0.010017,0.0089868,0.0082467,0.0063598,0.0083062,0.0094315,0.010537,0.010972
0,0,0,0,0,0,0,0,0,0.0018382,0.0027595,0.0038915,0.0051554,0.006416,0.0075011,0.0082383,0.0084999,0.010674,0.011157,0.011571,0.013823,0.015151,0.016588,0.017908,0.017677,0.018415,0.018176,0.017,0.017217,0.015883,0.014621,0.013618,0.012508,0.013203,0.01383,0.013064,0.013523,0.013319,0.012498,0.011183,0.010661,0.0094495,0.0084009,0.0062538,0.0080901,0.0089829,0.010003,0.010311
0,0,0,0,0,0,0,0,0,0.0021491,0.0032262,0.0045496,0.0060273,0.0075011,0.0087697,0.0096316,0.0099373,0.011992,0.012313,0.012498,0.014124,0.015005,0.015985,0.01687,0.016069,0.016606,0.016251,0.015068,0.015078,0.013784,0.01259,0.011658,0.01102,0.011936,0.012842,0.012642,0.013394,0.013528,0.013036,0.011985,0.011302,0.0099736,0.0086674,0.0063598,0.0080355,0.0086697,0.00957,0.009683
0,0,0,0,0,0,0,0,0,0.0023603,0.0035433,0.0049968,0.0066197,0.0082383,0.0096316,0.010578,0.010914,0.012727,0.012858,0.012788,0.013762,0.014172,0.014673,0.015119,0.013829,0.014181,0.013766,0.012657,0.012501,0.011317,0.010245,0.0094185,0.009354,0.010461,0.011626,0.011985,0.013036,0.013528,0.013394,0.012642,0.011892,0.010509,0.009008,0.0066325,0.0080901,0.0084519,0.0091954,0.0090549
0,0,0,0,0,0,0,0,0,0.0024352,0.0036557,0.0051554,0.0068298,0.0084999,0.0099373,0.010914,0.01126,0.012752,0.012697,0.012391,0.012776,0.012758,0.012831,0.012891,0.011259,0.011465,0.011044,0.010072,0.0098136,0.0087914,0.0078793,0.0071825,0.0077143,0.0089627,0.010337,0.011183,0.012498,0.013319,0.013523,0.013064,0.011992,0.010443,0.008616,0.0060273,0.0069849,0.0068819,0.0073045,0.0068298
0,0,0,0,0,0,0,0,0,0.0023603,0.0035433,0.0049968,0.0066197,0.0082383,0.0096316,0.010578,0.010914,0.012055,0.011849,0.011365,0.011289,0.010943,0.010686,0.010457,0.008668,0.0087688,0.0083876,0.0075907,0.0072934,0.0064629,0.0057293,0.0051714,0.0062348,0.0075601,0.0090667,0.010275,0.011782,0.012858,0.013338,0.013131,0.012252,0.010818,0.009029,0.0066197,0.0073571,0.0070865,0.0073571,0.0066197
