0,0,0,0,0,0,0,0,0,0,0,0,0,0,0,0,0,0,0,0,0,0,0,0,0,0,0,0,0,0,0,0,0,0,0,0,0,0,0,0,0,0,0,0,0,0,0,0
0,0,0,0,0,0,0,0,0,0,0,0,0,0,0,0,0,0,0,0,0,0,0,0,0,0,0,0,0,0,0,0,0,0,0,0,0,0,0,0,0,0,0,0,0,0,0,0
0,0,0,0,0,0,0,0,0,0,0,0,0,0,0,0,0,0,0,0,0,0,0,0,0,0,0,0,0,0,0,0,0,0,0,0,0,0,0,0,0,0,0,0,0,0,0,0
0,0,0,0,0,0,0,0,0,0,0,0,0,0,0,0,0,0,0,0,0,0,0,0,0,0,0,0,0,0,0,0,0,0,0,0,0,0,0,0,0,0,0,0,0,0,0,0
0,0,0,0,0,0,0,0,0,0,0,0,0,0,0,0,0,0,0,0,0,0,0,0,0,0,0,0,0,0,0,0,0,0,0,0,0,0,0,0,0,0,0,0,0,0,0,0
0,0,0,0,0,0,0,0,0,0,0,0,0,0,0,0,0,0,0,0,0,0,0,0,0,0,0,0,0,0,0,0,0,0,0,0,0,0,0,0,0,0,0,0,0,0,0,0
0,0,0,0,0,0,0,0,0,0,0,0,0,0,0,0,0,0,0,0,0,0,0,0,0,0,0,0,0,0,0,0,0,0,0,0,0,0,0,0,0,0,0,0,0,0,0,0
0,0,0,0,0,0,0,0,0,0,0,0,0,0,0,0,0,0,0,0,0,0,0,0,0,0,0,0,0,0,0,0,0,0,0,0,0,0,0,0,0,0,0,0,0,0,0,0
0,0,0,0,0,0,0,0,0,0,0,0,0,0,0,0,0,0,0,0,0,0,0,0,0,0,0,0,0,0,0,0,0,0,0,0,0,0,0,0,0,0,0,0,0,0,0,0
0,0,0,0,0,0,0,0,0,0,0,0,0,0,0,0,0,0,0,0,0,0,0,0,0,0,0,0,0,0,0,0,0,0,0,0,0,0,0,0,0,0,0,0,0,0,0,0
0,0,0,0,0,0,0,0,0,0,0,0,0,0,0,0,0,0,0,0,0,0,0,0,0,0,0,0,0,0,0,0,0,0,0,0,0,0,0,0,0,0,0,0,0,0,0,0
0,0,0,0,0,0,0,0,0,0,0,0,0,0,0,0,0,0,0,0,0,0,0,0,0,0,0,0,0,0,0,0,0,0,0,0,0,0,0,0,0,0,0,0,0,0,0,0
0,0,0,0,0,0,0,0,0,0,0,0,0,0,0,0,0,0,0,0,0,0,0,0,0,0,0,0,0,0,0,0,0,0,0,0,0,0,0,0,0,0,0,0,0,1,0,0
0,0,0,0,0,0,0,0,0,0,0,0,0,0,0,0,0,0,0,0,0,0,0,0,0,0,0,0,0,0,0,0,0,0,0,0,0,0,0,0,0,0,0,0,0,0,0,0
0,0,0,0,0,0,0,0,0,0,0,0,0,0,0,0,0,0,0,0,0,0,0,0,0,0,0,0,0,0,0,0,0,0,0,0,0,0,0,0,0,0,0,0,0,0,0,0
0,0,0,0,0,0,0,0,0,0,0,0,0,0,0,0,0,0,0,0,0.00052666,0.00079061,0.0011149,0.0014771,0.0018382,0.0021491,0.0023603,0.0024352,0.0023603,0.0021491,0.0018382,0.0014771,0.0011149,0.00079061,0.00052666,0,0,0,0.0029532,0,0,0,0,0,0,0,0,0
0,0,0,0,0,0,0,0,0,0,0,0,0,0,0,0,0,0,0,0,0.00079061,0.0011868,0.0016737,0.0022173,0.0027595,0.0032262,0.0035433,0.0041824,0.0043339,0.0043411,0.0042366,0.0040555,0.0038228,0.0035472,0.0032259,0.0023603,0.0021491,0.0018382,0.0044312,0.0055496,0,0,0,0,0,0,0,0
0,0,0,0,0,0,0,0,0,0,0,0,0,0,0,0,0,0,0,0,0.0011149,0.0016737,0.0023603,0.0031269,0.0038915,0.0045496,0.0049968,0.005946,0.0061837,0.0062234,0.0061088,0.0058864,0.0055865,0.005217,0.0047707,0.0035433,0.0032262,0.0027595,0.0051705,0.0061069,0.0074387,0.009073,0,0,0,0,0,0
0,0,0,0,0,0,0,0,0,0,0,0,0,0,0,0,0,0.00052666,0.00079061,0.0011149,0.0029541,0.0040555,0.005276,0.0065028,0.0075907,0.0083876,0.0087688,0.009783,0.0097705,0.0095026,0.009073,0.0085607,0.0076766,0.0072141,0.0066325,0.0049968,0.0045496,0.0038915,0.0060666,0.0067734,0.0078971,0.0093596,0.010261,0.011996,0,0,0,0
0,0,0,0,0,0,0,0,0,0,0,0,0,0,0,0,0,0.00079061,0.0011868,0.0016737,0.0040555,0.005519,0.0071177,0.0086987,0.010072,0.011044,0.011465,0.012736,0.012673,0.012302,0.011745,0.011101,0.0099188,0.0093792,0.008668,0.0066197,0.0060273,0.0051554,0.0070295,0.0074608,0.0083291,0.0095738,0.010077,0.011781,0.012939,0,0,0
0,0,0,0,0,0,0,0,0,0.00052666,0.00079061,0.0011149,0.0014771,0.0018382,0.0021491,0.0023603,0.0024352,0.0034753,0.0038228,0.0041985,0.0067531,0.0082326,0.0098899,0.011551,0.012657,0.013766,0.014181,0.015667,0.015518,0.015022,0.01433,0.013558,0.012051,0.011465,0.010649,0.0082383,0.0075011,0.006416,0.0075907,0.0075473,0.0079149,0.008668,0.0084999,0.0099373,0.010914,0.01126,0.010914,0
0,0,0,0,0,0,0,0,0,0.00079061,0.0011868,0.0016737,0.0022173,0.0027595,0.0032262,0.0035433,0.0036557,0.0050203,0.0054435,0.0058864,0.0087201,0.010372,0.012211,0.01403,0.015068,0.016251,0.016606,0.018219,0.017947,0.017308,0.016483,0.015598,0.013766,0.013175,0.012298,0.0096316,0.0087697,0.0075011,0.0083876,0.0080929,0.008223,0.0087688,0.008765,0.010422,0.011693,0.012391,0.012416,0.011781
0,0,0,0,0,0,0,0,0,0.0011149,0.0016737,0.0023603,0.0031269,0.0038915,0.0045496,0.0049968,0.0051554,0.006835,0.0073091,0.007783,0.010718,0.012432,0.01433,0.016183,0.017,0.018176,0.018415,0.020037,0.019613,0.018826,0.017879,0.016906,0.014787,0.014234,0.013349,0.010578,0.0096316,0.0082383,0.0087688,0.008223,0.0080929,0.0083876,0.0082917,0.0099565,0.011305,0.012155,0.012391,0.011996
0,0,0,0,0,0,0,0,0,0.0014771,0.0022173,0.0031269,0.0041425,0.0051554,0.0060273,0.0066197,0.0068298,0.0087688,0.0092535,0.0097051,0.01253,0.014171,0.015984,0.017728,0.018176,0.019263,0.019348,0.02085,0.020261,0.019337,0.018294,0.017269,0.014934,0.014457,0.013621,0.010914,0.0099373,0.0084999,0.008668,0.0079149,0.0075473,0.0075907,0.007531,0.0091748,0.010599,0.011627,0.01213,0.012051
0,0,0,0,0,0,0,0,0,0.0018382,0.0027595,0.0038915,0.0051554,0.006416,0.0075011,0.0082383,0.0084999,0.010599,0.011044,0.011413,0.013924,0.015356,0.016941,0.018444,0.018415,0.019348,0.019263,0.020536,0.019795,0.018763,0.018191,0.017417,0.015296,0.015281,0.014901,0.012727,0.011992,0.010674,0.010457,0.0093632,0.0085084,0.0079799,0.0077474,0.0090352,0.010273,0.010972,0.011775,0.012055
0,0,0,0,0,0,0,0,0,0.0021491,0.0032262,0.0045496,0.0060273,0.0075011,0.0087697,0.0096316,0.0099373,0.012067,0.012425,0.012657,0.014695,0.015809,0.017055,0.018219,0.017677,0.018415,0.018176,0.019149,0.018294,0.017206,0.01689,0.016279,0.014335,0.014608,0.014535,0.012858,0.012313,0.011157,0.010686,0.0094495,0.008346,0.0074933,0.0074035,0.008496,0.0096789,0.010311,0.011413,0.012051
0,0,0,0,0,0,0,0,0,0.0023603,0.0035433,0.0049968,0.0066197,0.0082383,0.0096316,0.010578,0.010914,0.012939,0.013175,0.013235,0.014716,0.015452,0.016302,0.017081,0.016069,0.016606,0.016251,0.016906,0.015999,0.014916,0.014969,0.014593,0.012988,0.013583,0.013868,0.012788,0.012498,0.011571,0.010943,0.009628,0.0083247,0.0071825,0.0072689,0.0081261,0.0092078,0.009683,0.011044,0.011996
0,0,0,0,0,0,0,0,0,0.0024352,0.0036557,0.0051554,0.0068298,0.0084999,0.0099373,0.010914,0.01126,0.013063,0.013164,0.013049,0.013972,0.01433,0.014786,0.015194,0.013829,0.014181,0.013766,0.014134,0.013241,0.012226,0.012737,0.012649,0.011515,0.012436,0.0131,0.012647,0.012647,0.011985,0.011289,0.0099448,0.0084877,0.0070966,0.0073255,0.0079097,0.0088342,0.0090549,0.010599,0.011781
0,0,0,0,0,0,0,0,0,0.0023603,0.0035433,0.0049968,0.0066197,0.0082383,0.0096316,0.010578,0.010914,0.012416,0.012391,0.01213,0.012566,0.0126,0.012718,0.012816,0.011259,0.011465,0.011044,0.011187,0.010372,0.009478,0.010484,0.010707,0.010115,0.011339,0.012362,0.012498,0.012788,0.012391,0.011365,0.0098614,0.0080897,0.0062704,0.0063268,0.0064152,0.0069936,0.0068298,0.0084999,0.0099373
0,0,0,0,0,0,0,0,0,0.0021491,0.0032262,0.0045496,0.0060273,0.0075011,0.0087697,0.0096316,0.0099373,0.011109,0.010987,0.010628,0.010696,0.010496,0.010368,0.010246,0.008668,0.0087688,0.0083876,0.0083813,0.0076897,0.0069497,0.008422,0.0089398,0.0088908,0.010361,0.011683,0.012313,0.012858,0.012697,0.011849,0.010443,0.0086879,0.0068179,0.00691,0.0067694,0.0071459,0.0066197,0.0082383,0.0096316
0,0,0,0,0,0,0,0,0,0.0018382,0.0027595,0.0038915,0.0051554,0.006416,0.0075011,0.0082383,0.0084999,0.0093533,0.0091748,0.0087764,0.0082823,0.007783,0.0073091,0.006835,0.0051554,0.0049968,0.0045496,0.0044182,0.0039175,0.0034753,0.0055111,0.0064964,0.0071459,0.00898,0.010674,0.011992,0.012727,0.012752,0.012055,0.010747,0.009029,0.0071464,0.0071459,0.0067694,0.00691,0.0060273,0.0075011,0.0087697
0,0,0,0,0,0,0,0,0,0.0014771,0.0022173,0.0031269,0.0041425,0.0051554,0.0060273,0.0066197,0.0068298,0.0074103,0.0072141,0.0068291,0.0063598,0.0058864,0.0054435,0.0050203,0.0036557,0.0035433,0.0032262,0.0027595,0.0022173,0.0016737,0.0036221,0.0044464,0.0051554,0.0068298,0.0084999,0.0099373,0.010914,0.01126,0.010914,0.0099373,0.0084999,0.0068298,0.0069936,0.0064152,0.0063268,0.0051554,0.006416,0.0075011
