0,0,0,0.0023603,0.0035433,0.0049968,0.0066197,0.0082383,0.0096316,0.010578,0.010914,0.010578,0.0096316,0.0082383,0.0066197,0.0055235,0.0043339,0.0034753,0.0014771,0.0018382,0.0021491,0.0023603,0.0024352,0.0023603,0.0021491,0.0018382,0.0014771,0.0011149,0.00079061,0.00052666,0,0,0.00079061,0.0011868,0.0016737,0.0022173,0.0027595,0.0032262,0.0035433,0.0036557,0.0035433,0.0032262,0.0027595,0.0022173,0.0022004,0.0019775,0.0019055,0.0014771
0,0,0,0.0029619,0.0044464,0.0062704,0.0083069,0.010338,0.012086,0.013274,0.013696,0.013274,0.012086,0.010338,0.0083069,0.007061,0.0056332,0.0046356,0.0022173,0.0027595,0.0032262,0.0035433,0.0036557,0.0035433,0.0032262,0.0027595,0.0022173,0.0016737,0.0011868,0.00079061,0,0,0.00052666,0.00079061,0.0011149,0.0014771,0.0018382,0.0021491,0.0023603,0.0024352,0.0023603,0.0021491,0.0018382,0.0014771,0.0011149,0.00079061,0.00052666,0
0,0,0,0.0031509,0.0047301,0.0066705,0.008837,0.010998,0.012858,0.014122,0.01457,0.014122,0.012858,0.010998,0.008837,0.0077855,0.0064038,0.0055113,0.0031269,0.0038915,0.0045496,0.0049968,0.0051554,0.0049968,0.0045496,0.0038915,0.0031269,0.0023603,0.0016737,0.0011149,0,0,0,0,0,0,0,0,0,0,0,0,0,0,0,0,0,0
0,0,0,0.003264,0.0048999,0.00691,0.0091542,0.011393,0.013319,0.014628,0.015093,0.014628,0.013319,0.011919,0.0099448,0.009502,0.0085943,0.0082292,0.0062916,0.0075157,0.0084625,0.00898,0.0089789,0.0084579,0.0075044,0.0062704,0.0049331,0.0036536,0.0022173,0.0014771,0,0,0,0,0,0,0,0,0,0,0,0,0,0,0,0.00052666,0.00079061,0.0011149
0,0,0,0.0033153,0.0049768,0.0070184,0.0092979,0.011571,0.013528,0.014858,0.01533,0.014858,0.013528,0.012362,0.010485,0.01053,0.0099536,0.0099663,0.0083816,0.0099593,0.011157,0.011782,0.011726,0.010998,0.0097184,0.0080897,0.0063423,0.0046821,0.0027595,0.0018382,0,0,0,0,0,0,0,0,0,0,0,0,0,0,0,0.00079061,0.0011868,0.0016737
0,0,0,0.0033153,0.0049768,0.0070184,0.0092979,0.011571,0.013528,0.014858,0.01533,0.014858,0.013528,0.012686,0.010972,0.011528,0.01133,0.011756,0.010577,0.012498,0.013925,0.014628,0.014487,0.013523,0.011897,0.0098614,0.007701,0.0056646,0.0032262,0.0021491,0,0,0,0,0,0,0,0,0,0,0,0,0,0,0,0.0011149,0.0016737,0.0023603
0,0,0,0.003264,0.0048999,0.00691,0.0091542,0.011393,0.013319,0.014628,0.015093,0.014628,0.013319,0.01287,0.011372,0.012397,0.012586,0.013416,0.012647,0.014858,0.016461,0.017198,0.016941,0.015734,0.013774,0.011365,0.008837,0.0064739,0.0035433,0.0023603,0,0,0,0,0,0,0,0,0,0,0,0,0,0,0,0.0014771,0.0022173,0.0031269
0,0,0,0.0031509,0.0047301,0.0066705,0.008837,0.010998,0.012858,0.014122,0.01457,0.014122,0.012858,0.012836,0.011597,0.012997,0.013541,0.014722,0.014331,0.016738,0.018437,0.019152,0.018762,0.01733,0.015093,0.012391,0.0095893,0.0069936,0.0036557,0.0024352,0,0,0,0,0,0,0,0,0,0,0,0,0,0,0,0.0018382,0.0027595,0.0038915
0,0,0,0.0029619,0.0044464,0.0062704,0.0083069,0.010338,0.012086,0.013274,0.013696,0.013274,0.012086,0.012487,0.011533,0.01318,0.014017,0.01546,0.015389,0.01787,0.019569,0.02021,0.02021,0.01887,0.016774,0.014265,0.011684,0.009295,0.0059036,0.0047956,0.0023603,0.0021491,0.0018382,0.0014771,0.0011149,0.00079061,0.00052666,0,0,0,0,0,0,0,0,0.0021491,0.0032262,0.0045496
0,0,0,0.0023603,0.0035433,0.0049968,0.0066197,0.0082383,0.0096316,0.010578,0.010914,0.010578,0.0096316,0.010599,0.010163,0.012143,0.013389,0.015148,0.015659,0.018079,0.019684,0.02021,0.02036,0.019057,0.017063,0.014715,0.01233,0.010136,0.0067694,0.0058048,0.0035433,0.0032262,0.0027595,0.0022173,0.0016737,0.0011868,0.00079061,0,0,0,0,0,0,0,0,0.0023603,0.0035433,0.0049968
0,0,0,0.0021491,0.0032262,0.0045496,0.0060273,0.0075011,0.0087697,0.0096316,0.0099373,0.0096316,0.0087697,0.0099363,0.009683,0.011543,0.012816,0.01454,0.015093,0.01733,0.018762,0.019152,0.019552,0.018412,0.016691,0.014698,0.012703,0.010876,0.0077563,0.0069936,0.0049968,0.0045496,0.0038915,0.0031269,0.0023603,0.0016737,0.0011149,0,0,0,0,0,0,0,0,0.0024352,0.0036557,0.0051554
0,0,0,0.0018382,0.0027595,0.0038915,0.0051554,0.006416,0.0075011,0.0082383,0.0084999,0.0082383,0.0075011,0.0087764,0.0086987,0.010365,0.011597,0.013203,0.013774,0.015734,0.016941,0.017198,0.017938,0.017075,0.015774,0.014295,0.012841,0.011515,0.008837,0.0083069,0.0066197,0.0060273,0.0051554,0.0041425,0.0031269,0.0022173,0.0014771,0,0,0,0,0,0,0,0,0.0023603,0.0035433,0.0049968
0,0,0,0.0014771,0.0022173,0.0031269,0.0041425,0.0051554,0.0060273,0.0066197,0.0068298,0.0066197,0.0060273,0.0073045,0.0073687,0.0087915,0.0099183,0.011338,0.011897,0.013523,0.014487,0.014628,0.015763,0.015257,0.014468,0.013597,0.012769,0.012011,0.0099121,0.0096148,0.0082383,0.0075011,0.006416,0.0051554,0.0038915,0.0027595,0.0018382,0,0,0,0,0,0,0,0,0.0021491,0.0032262,0.0045496
0,0,0,0.0011149,0.0016737,0.0023603,0.0031269,0.0038915,0.0045496,0.0049968,0.0051554,0.0049968,0.0045496,0.0057297,0.0058864,0.0070425,0.008016,0.0092047,0.0097184,0.010998,0.011726,0.011782,0.013306,0.013185,0.012931,0.012678,0.012478,0.012282,0.010818,0.010728,0.0096316,0.0087697,0.0075011,0.0060273,0.0045496,0.0032262,0.0021491,0,0,0,0,0,0,0,0,0.0018382,0.0027595,0.0038915
0,0,0,0.00079061,0.0011868,0.0016737,0.0022173,0.0027595,0.0032262,0.0035433,0.0036557,0.0035433,0.0032262,0.0042366,0.0044346,0.0053273,0.00612,0.007061,0.0075044,0.0084579,0.0089789,0.00898,0.010823,0.011059,0.011288,0.011585,0.011933,0.012224,0.011369,0.011441,0.010578,0.0096316,0.0082383,0.0066197,0.0049968,0.0035433,0.0023603,0,0,0,0,0,0,0,0,0.0014771,0.0022173,0.0031269
0,0,0,0.00052666,0.00079061,0.0011149,0.0014771,0.0018382,0.0021491,0.0023603,0.0024352,0.0023603,0.0021491,0.0029532,0.0031508,0.0034753,0.0039175,0.0044182,0.0045496,0.0049968,0.0051554,0.0049968,0.0069849,0.0075473,0.0082823,0.0091901,0.010174,0.011052,0.010914,0.01126,0.010914,0.0099373,0.0084999,0.0068298,0.0051554,0.0036557,0.0024352,0,0,0,0,0,0,0,0,0.0011149,0.0016737,0.0023603
0,0,0,0,0,0,0,0,0,0,0,0,0,0.00079061,0.0011868,0.0016737,0.0022173,0.0027595,0.0032262,0.0035433,0.0036557,0.0035433,0.0055865,0.0063028,0.0072141,0.0082934,0.0094252,0.010422,0.010578,0.010914,0.010578,0.0096316,0.0082383,0.0066197,0.0049968,0.0035433,0.0023603,0,0,0,0,0,0,0,0,0.00079061,0.0011868,0.0016737
0,0,0,0,0,0,0,0,0,0,0,0,0,0.00052666,0.00079061,0.0011149,0.0014771,0.0018382,0.0021491,0.0023603,0.0024352,0.0023603,0.0042982,0.0050644,0.0060267,0.0071422,0.0082917,0.0092963,0.0096316,0.0099373,0.0096316,0.0087697,0.0075011,0.0060273,0.0045496,0.0032262,0.0021491,0,0,0,0,0,0,0,0,0.00052666,0.00079061,0.0011149
0,0,0,0,0,0,0,0,0,0,0,0,0,0,0,0,0,0,0,0,0,0,0.0018382,0.0027595,0.0038915,0.0051554,0.006416,0.0075011,0.0082383,0.0084999,0.0082383,0.0075011,0.006416,0.0051554,0.0038915,0.0027595,0.0018382,0,0,0,0,0,0,0,0,0,0,0
0,0,0,0,0,0,0,0,0,0,0,0,0,0,0,0,0,0,0,0,0,0,0.0014771,0.0022173,0.0031269,0.0041425,0.0051554,0.0060273,0.0066197,0.0068298,0.0066197,0.0060273,0.0051554,0.0041425,0.0031269,0.0022173,0.0014771,0,0,0,0,0,0,0,0,0,0,0
0,0,0,0,0,0,0,0,0,0,0,0,0,0,0,0,0,0,0,0,0,0,0.0011149,0.0016737,0.0023603,0.0031269,0.0038915,0.0045496,0.0049968,0.0051554,0.0049968,0.0045496,0.0038915,0.0031269,0.0023603,0.0016737,0.0011149,0,0,0,0,0,0,0,0,0,0,0
0,0,0,0,0,0,0,0,0,0,0,0,0,0,0,0,0,0,0,0,0,0,0.00079061,0.0011868,0.0016737,0.0022173,0.0027595,0.0032262,0.0035433,0.0036557,0.0035433,0.0032262,0.0027595,0.0022173,0.0016737,0.0011868,0.00079061,0,0,0,0,0,0,0,0,0,0,0
0,0,0,0,0,0,0,0,0,0,0,0,0,0,0,0,0,0,0,0,0,0,0.00052666,0.00079061,0.0011149,0.0014771,0.0018382,0.0021491,0.0023603,0.0024352,0.0023603,0.0021491,0.0018382,0.0014771,0.0011149,0.00079061,0.00052666,0,0,0,0,0,0,0,0,0,0,0
0,0,0,0,0,0,0,0,0,0,0,0,0,0,0,0,0,0,0,0,0,0,0,0,0,0,0,0,0,0,0,0,0,0,0,0,0,0,0,0,0,0,0,0,0,0,0,0
0,0,0,0,0,0,0,0,0,0,0,0,0,0,0,0,0,0,0,0,0,0,0,0,0,0,0,0,0,0,0,0,0,0,0,0,0,0,0,0,0,0,0,0,0,0,0,0
0,0,0,0,0,0,0,0,0,0,0,0,0,0,0,0,0,0,0,0,0,0,0,0,0,0,0,0,0,0,0,0,0,0,0,0,0,0,0,0,0,0,0,0,0,0,0,0
0,0,0,0,0,0,0,0,0,0,0,0,0,0,0,0,0,0,0,0,0,0,0,0,0,0,0,0,0,0,0,0,0,0,0,0,0,0,0,0,0,0,0,0,0,0,0,0
0,0,0,0,0,0,0,0,0,0,0,0,0,0,0,0,0,0,0,0,0,0,0,0,0,0,0,0,0,0,0,0,0,0,0,0,0,0,0,0,0,0,0,0,0,0,0,0
0,0,0,0,0,0,0,0,0,0,0,0,0,0,0,0,0,0,0,0,0,0,0,0,0,0,0,0,0,0,0,0,0,0,0,0,0,0,0,0,0,0,0,0,0,0,0,0
0,0,0,0,0,0,0,0,0,0,0,0,0,0,0,0,0,0,0,0,0,0,0,0,0,0,0,0,0,0,0,0,0,0,0,0,0,0,0,0,0,0,0,0,0,0,0,0
0,0,0,0,0,0,0,0,0,0,0,0,0,0,0,0,0,0,0,0,0,0,0,0,0,0,0,0,0,0,0,0,0,0,0,0,0,0,0,0,0,0,0,0,0,0,0,0
0,0,0,0,0,0,0,0,0,0,0,0,0,0,0,0,0,0,0,0,0,0,0,0,0,0,0,0,0,0,0,0,0,0,0,0,0,0,0,0,0,0,0,0,0,0,0,0
