0,0,0,0,0,0,0,0,0,0,0,0,0,0,0,0,0,0,0,0,0,0,0,0,0,0,0,0,0,0,0,0,0,0,0,0,0,0,0,0,0,0,0,0,0,0,0,0
0,0,0,0,0,0,0,0,0,0,0,0,0,0,0,0,0,0,0,0.00052666,0.00079061,0.0011149,0.0014771,0.0018382,0.0021491,0.0023603,0.0024352,0.0023603,0.0021491,0.0018382,0.0014771,0.0011149,0.00079061,0.00052666,0,0,0,0,0,0,0,0,0,0,0,0,0,0
0,0,0,0,0,0,0,0,0,0,0,0,0,0,0,0,0,0,0,0.00079061,0.0011868,0.0016737,0.0022173,0.0027595,0.0032262,0.0035433,0.0036557,0.0035433,0.0032262,0.0027595,0.0022173,0.0016737,0.0011868,0.00079061,0,0,0,0,0,0,0,0,0,0,0,0,0,0
0,0,0,0,0,0,0,0,0,0,0,0,0,0,0,0,0,0,0,0.0011149,0.0016737,0.0023603,0.0031269,0.0038915,0.0045496,0.0049968,0.0051554,0.0049968,0.0045496,0.0038915,0.0031269,0.0023603,0.0016737,0.0011149,0,0,0,0,0,0,0,0,0,0,0,0,0,0
0,0,0,0,0,0,0,0,0,0,0,0,0,0,0,0,0,0,0,0.0014771,0.0022173,0.0031269,0.0041425,0.0051554,0.0060273,0.0066197,0.0068298,0.0066197,0.0060273,0.0051554,0.0041425,0.0031269,0.0022173,0.0014771,0,0,0,0,0,0,0,0,0,0,0,0,0,0.00052666
0,0,0,0,0,0,0,0,0,0,0,0,0,0,0,0,0,0,0,0.0018382,0.0027595,0.0038915,0.0051554,0.006416,0.0075011,0.0082383,0.0084999,0.0082383,0.0075011,0.006416,0.0051554,0.0038915,0.0027595,0.0023649,0.00079061,0.0011149,0.0014771,0.0018382,0.0021491,0.0023603,0.0024352,0.0023603,0.0021491,0.0018382,0.0014771,0.0011149,0.00079061,0.0013173
0,0,0,0,0,0,0,0,0,0,0,0,0,0,0,0,0,0,0,0.0021491,0.0032262,0.0045496,0.0060273,0.0075011,0.0087697,0.0096316,0.0099373,0.0096316,0.0087697,0.0075011,0.0060273,0.0045496,0.0032262,0.0029397,0.0011868,0.0016737,0.0022173,0.0027595,0.0032262,0.0035433,0.0036557,0.0035433,0.0032262,0.0027595,0.0022173,0.0016737,0.0011868,0.0019055
0,0,0,0,0,0,0,0,0,0,0,0,0,0,0,0,0,0,0,0.0023603,0.0035433,0.0049968,0.0066197,0.0082383,0.0096316,0.010578,0.010914,0.010578,0.0096316,0.0082383,0.0066197,0.0049968,0.0035433,0.0034753,0.0016737,0.0023603,0.0031269,0.0038915,0.0045496,0.0049968,0.0051554,0.0049968,0.0045496,0.0038915,0.0031269,0.0023603,0.0016737,0.002592
0,0,0,0,0,0,0,0,0,0,0,0,0,0,0,0,0,0,0,0.0024352,0.0036557,0.0051554,0.0068298,0.0084999,0.0099373,0.010914,0.01126,0.010914,0.0099373,0.0084999,0.0068298,0.0051554,0.0036557,0.0039123,0.0022173,0.0031269,0.0041425,0.0051554,0.0060273,0.0066197,0.0068298,0.0066197,0.0060273,0.0051554,0.0041425,0.0031269,0.0022173,0.0033153
0,0,0,0,0,0,0,0,0,0,0,0,0,0,0,0,0,0,0,0.0023603,0.0035433,0.0049968,0.0066197,0.0082383,0.0096316,0.010578,0.010914,0.010578,0.0096316,0.0082383,0.0066197,0.0049968,0.0035433,0.0041985,0.0027595,0.0038915,0.0051554,0.006416,0.0075011,0.0082383,0.0084999,0.0082383,0.0075011,0.006416,0.0051554,0.0038915,0.0027595,0.0039873
0,0,0,0,0,0,0,0,0,0,0,0,0,0,0,0,0,0,0,0.0021491,0.0032262,0.0045496,0.0060273,0.0075011,0.0087697,0.0096316,0.0099373,0.0096316,0.0087697,0.0075011,0.0060273,0.0045496,0.0032262,0.0042982,0.0032262,0.0045496,0.0060273,0.0075011,0.0087697,0.0096316,0.0099373,0.0096316,0.0087697,0.0075011,0.0060273,0.0045496,0.0032262,0.0045094
0,0,0,0,0,0,0,0,0,0,0,0,0,0,0,0,0,0,0,0.0018382,0.0027595,0.0038915,0.0051554,0.006416,0.0075011,0.0082383,0.0084999,0.0082383,0.0075011,0.006416,0.0051554,0.0038915,0.0027595,0.0041985,0.0035433,0.0049968,0.0066197,0.0082383,0.0096316,0.010578,0.010914,0.010578,0.0096316,0.0082383,0.0066197,0.0049968,0.0035433,0.0047956
0,0,0,0,0,0,0,0,0,0,0,0,0,0,0,0,0,0,0,0.0014771,0.0022173,0.0031269,0.0041425,0.0051554,0.0060273,0.0066197,0.0068298,0.0066197,0.0060273,0.0051554,0.0041425,0.0031269,0.0022173,0.0039123,0.0036557,0.0051554,0.0068298,0.0084999,0.0099373,0.010914,0.01126,0.010914,0.0099373,0.0084999,0.0068298,0.0051554,0.0036557,0.0047956
0,0,0,0,0,0,0,0,0,0,0,0,0,0,0,0,0,0,0,0.0011149,0.0016737,0.0023603,0.0031269,0.0038915,0.0045496,0.0049968,0.0051554,0.0049968,0.0045496,0.0038915,0.0031269,0.0023603,0.0016737,0.0034753,0.0035433,0.0049968,0.0066197,0.0082383,0.0096316,0.010578,0.010914,0.010578,0.0096316,0.0082383,0.0066197,0.0049968,0.0035433,0.0045094
0,0.00052666,0.00079061,0.0011149,0.0014771,0.0018382,0.0021491,0.0023603,0.0024352,0.0023603,0.0021491,0.0018382,0.0014771,0.0011149,0.00079061,0.00052666,0,0,0,0.00079061,0.0011868,0.0016737,0.0022173,0.0027595,0.0032262,0.0035433,0.0036557,0.0035433,0.0032262,0.0027595,0.0022173,0.0016737,0.0011868,0.0029397,0.0032262,0.0045496,0.0060273,0.0075011,0.0087697,0.0096316,0.0099373,0.0096316,0.0087697,0.0075011,0.0060273,0.0045496,0.0032262,0.0039873
0,0.00079061,0.0011868,0.0016737,0.0022173,0.0027595,0.0032262,0.0035433,0.0036557,0.0035433,0.0032262,0.0027595,0.0022173,0.0016737,0.0011868,0.00079061,0,0,0,0.00052666,0.00079061,0.0011149,0.0014771,0.0018382,0.0021491,0.0023603,0.0024352,0.0023603,0.0021491,0.0018382,0.0014771,0.0011149,0.00079061,0.0023649,0.0027595,0.0038915,0.0051554,0.006416,0.0075011,0.0082383,0.0084999,0.0082383,0.0075011,0.006416,0.0051554,0.0038915,0.0027595,0.0033153
0,0.0011149,0.0016737,0.0023603,0.0031269,0.0038915,0.0045496,0.0049968,0.0051554,0.0049968,0.0045496,0.0038915,0.0031269,0.0023603,0.0016737,0.0011149,0,0,0,0,0,0,0,0,0,0,0,0,0,0,0,0,0,0.0014771,0.0022173,0.0031269,0.0041425,0.0051554,0.0060273,0.0066197,0.0068298,0.0066197,0.0060273,0.0051554,0.0041425,0.0031269,0.0022173,0.002592
0,0.0014771,0.0022173,0.0031269,0.0041425,0.0051554,0.0060273,0.0066197,0.0068298,0.0066197,0.0060273,0.0051554,0.0041425,0.0031269,0.0022173,0.0014771,0,0,0,0,0,0,0,0,0,0,0,0,0,0,0,0,0,0.0011149,0.0016737,0.0023603,0.0031269,0.0038915,0.0045496,0.0049968,0.0051554,0.0049968,0.0045496,0.0038915,0.0031269,0.0023603,0.0016737,0.0019055
0,0.0018382,0.0027595,0.0038915,0.0051554,0.006416,0.0080278,0.009029,0.0096148,0.0097154,0.0093393,0.0085651,0.0075157,0.0063268,0.0051198,0.0039873,0.0018382,0.0014771,0.0016416,0.0015812,0.0016416,0.0014771,0.0018382,0.0021491,0.0023603,0.0024352,0.0023603,0.0021491,0.0018382,0.0014771,0.0011149,0.00079061,0.00052666,0.00079061,0.0011868,0.0016737,0.0022173,0.0027595,0.0032262,0.0035433,0.0036557,0.0035433,0.0032262,0.0027595,0.0022173,0.0016737,0.0011868,0.0013173
0,0.0021491,0.0032262,0.0045496,0.0060273,0.0075011,0.0095603,0.010818,0.011611,0.011849,0.011529,0.010727,0.0095706,0.0082054,0.0067694,0.0053753,0.0027595,0.0022173,0.0024643,0.0023737,0.0024643,0.0022173,0.0027595,0.0032262,0.0035433,0.0036557,0.0035433,0.0032262,0.0027595,0.0022173,0.0016737,0.0011868,0.00079061,0.00052666,0.00079061,0.0011149,0.0014771,0.0018382,0.0021491,0.0023603,0.0024352,0.0023603,0.0021491,0.0018382,0.0014771,0.0011149,0.00079061,0.00052666
0,0.0023603,0.0035433,0.0049968,0.0066197,0.0082383,0.010747,0.012252,0.013274,0.013705,0.013523,0.012788,0.011617,0.010152,0.0085401,0.00691,0.0038915,0.0036536,0.0042659,0.0044624,0.0049523,0.0049651,0.0060406,0.00691,0.0074321,0.0075157,0.0071459,0.0063879,0.0053686,0.0042419,0.0031509,0.0022004,0.0011149,0,0,0,0,0,0,0,0,0,0,0,0,0,0,0
0,0.0024352,0.0036557,0.0051554,0.0068298,0.0084999,0.011414,0.013131,0.014387,0.015057,0.015093,0.014527,0.01345,0.011985,0.010275,0.0084625,0.0051554,0.0049331,0.0057908,0.0061084,0.0068213,0.006902,0.0083816,0.0095706,0.010275,0.010373,0.0098459,0.0087868,0.0073727,0.0058162,0.0043138,0.0030079,0.0014771,0,0,0,0,0,0,0,0,0,0,0,0,0,0,0
0,0.0023603,0.0035433,0.0049968,0.0066197,0.0082383,0.01147,0.013338,0.014806,0.015734,0.016048,0.015739,0.014858,0.013497,0.011782,0.0098614,0.006416,0.0062704,0.0074035,0.0078793,0.0088567,0.0090469,0.010966,0.012498,0.013394,0.013497,0.012788,0.011393,0.0095429,0.0075157,0.0055652,0.0038744,0.0018382,0,0,0,0,0,0,0,0,0,0,0,0,0,0,0
0,0.0021491,0.0032262,0.0045496,0.0060273,0.0075011,0.010919,0.012858,0.014487,0.015659,0.016271,0.016271,0.015659,0.014487,0.012858,0.010919,0.0075011,0.0075044,0.0089161,0.0095793,0.010841,0.011183,0.013528,0.015389,0.016461,0.016557,0.015659,0.013925,0.011644,0.0091542,0.006767,0.0047032,0.0021491,0,0,0,0,0,0,0,0,0,0,0,0,0,0,0
0,0.0018382,0.0027595,0.0038915,0.0051554,0.006416,0.0098614,0.011782,0.013497,0.014858,0.015739,0.016048,0.015734,0.014806,0.013338,0.01147,0.0082383,0.0084579,0.010117,0.010978,0.012513,0.013036,0.015739,0.01787,0.019078,0.019152,0.018079,0.016048,0.013394,0.010511,0.0077563,0.0053815,0.0023603,0,0,0,0,0,0,0,0,0,0,0,0,0,0,0
0,0.0014771,0.0022173,0.0031269,0.0041425,0.0051554,0.0084625,0.010275,0.011985,0.01345,0.014527,0.015093,0.015057,0.014387,0.013131,0.011414,0.0084999,0.0089789,0.010817,0.011861,0.013618,0.014331,0.01727,0.019569,0.020851,0.020892,0.019684,0.017438,0.014527,0.011379,0.0083816,0.0058048,0.0024352,0,0,0,0,0,0,0,0,0,0,0,0,0,0,0
0,0.0011149,0.0016737,0.0023603,0.0031269,0.0038915,0.00691,0.0085401,0.010152,0.011617,0.012788,0.013523,0.013705,0.013274,0.012252,0.010747,0.0082383,0.00898,0.0109,0.012083,0.013977,0.014858,0.01787,0.02021,0.021492,0.021492,0.02021,0.01787,0.014858,0.011617,0.0085401,0.0059036,0.0023603,0,0,0,0,0,0,0,0,0,0,0,0,0,0,0
0,0.00079061,0.0011868,0.0016737,0.0022173,0.0027595,0.0053753,0.0067694,0.0082054,0.0095706,0.010727,0.011529,0.011849,0.011611,0.010818,0.0095603,0.0075011,0.0084625,0.010354,0.011608,0.013529,0.014527,0.017438,0.019684,0.020892,0.020851,0.019569,0.01727,0.014331,0.011183,0.0082054,0.0056614,0.0021491,0,0,0,0,0,0,0,0,0,0,0,0,0,0,0
0,0.00052666,0.00079061,0.0011149,0.0014771,0.0018382,0.0039873,0.0051198,0.0063268,0.0075157,0.0085651,0.0093393,0.0097154,0.0096148,0.009029,0.0080278,0.006416,0.0075157,0.009273,0.010516,0.012349,0.013394,0.016048,0.018079,0.019152,0.019078,0.01787,0.015739,0.013036,0.010152,0.0074348,0.0051198,0.0018382,0,0,0,0,0,0,0,0,0,0,0,0,0,0,0
0,0,0,0,0,0,0.0014771,0.0022173,0.0031269,0.0041425,0.0051554,0.0060273,0.0066197,0.0068298,0.0066197,0.0060273,0.0051554,0.0062916,0.0078302,0.0089843,0.011158,0.012434,0.01504,0.017136,0.018395,0.018611,0.01775,0.015964,0.013543,0.010841,0.0081913,0.0058435,0.002592,0.00079061,0.00052666,0,0,0,0,0,0,0,0,0,0,0,0,0
0,0,0,0,0,0,0.0011149,0.0016737,0.0023603,0.0031269,0.0038915,0.0045496,0.0049968,0.0051554,0.0049968,0.0045496,0.0038915,0.0049651,0.0062348,0.007239,0.0094213,0.01073,0.013066,0.015005,0.016256,0.01662,0.016041,0.014621,0.01259,0.010245,0.0078793,0.0057293,0.0027887,0.0011868,0.00079061,0,0,0,0,0,0,0,0,0,0,0,0,0
0,0,0,0,0,0,0.00079061,0.0011868,0.0016737,0.0022173,0.0027595,0.0032262,0.0035433,0.0036557,0.0035433,0.0032262,0.0027595,0.0036944,0.0046817,0.0055006,0.0077218,0.0090465,0.011147,0.012973,0.014265,0.014825,0.014567,0.013537,0.011899,0.0098939,0.0077826,0.0057908,0.0031509,0.0016737,0.0011149,0,0,0,0,0,0,0,0,0,0,0,0,0
