0,0,0,0,0,0,0,0,0,0,0,0,0,0,0,0,0,0,0,0,0,0,0,0,0,0,0,0,0,0,0,0,0,0,0,0,0,0,0,0,0,0,0,0,0,0,0,0
0,0,0,0,0,0,0,0,0,0,0,0,0,0,0,0,0,0,0,0,0,0,0,0,0,0,0,0,0,0,0,0,0,0,0,0,0,0,0,0,0,0,0,0,0,0,0,0
0,0,0,0.00052666,0.00079061,0.0011149,0.0014771,0.0018382,0.0021491,0.0023603,0.0024352,0.0023603,0.0021491,0.0018382,0.0014771,0.0011149,0.00079061,0.00052666,0,0,0,0,0,0,0,0,0,0,0,0,0,0,0,0,0,0,0,0,0,0,0,0,0,0,0,0,0,0
0,0,0,0.00079061,0.0011868,0.0016737,0.0022173,0.0027595,0.0032262,0.0035433,0.0036557,0.0035433,0.0032262,0.0027595,0.0022173,0.0016737,0.0011868,0.00079061,0,0,0,0,0,0,0,0,0,0,0,0,0,0,0,0,0,0,0,0,0,0,0,0,0,0,0,0,0,0
0,0,0,0.0011149,0.0016737,0.0023603,0.0031269,0.0038915,0.0045496,0.0049968,0.0051554,0.0049968,0.0045496,0.0038915,0.0031269,0.0023603,0.0016737,0.0011149,0,0,0,0,0,0,0,0,0,0,0,0,0,0,0,0,0,0,0,0,0,0,0,0,0,0,0,0,0,0
0,0,0,0.0014771,0.0022173,0.0031269,0.0041425,0.0051554,0.0060273,0.0066197,0.0068298,0.0066197,0.0060273,0.0051554,0.0041425,0.0031269,0.0022173,0.0014771,0,0,0,0,0,0,0,0,0,0.00052666,0.00079061,0.0011149,0.0014771,0.0018382,0.0021491,0.0023603,0.0024352,0.0023603,0.0021491,0.0018382,0.0014771,0.0011149,0.00079061,0.00052666,0,0,0,0,0,0
0,0,0,0.0018382,0.0027595,0.0038915,0.0051554,0.006416,0.0075011,0.0082383,0.0084999,0.0082383,0.0075011,0.006416,0.0056821,0.0046821,0.0038744,0.0033153,0.0018382,0.0021491,0.0023603,0.0024352,0.0023603,0.0021491,0.0018382,0.0014771,0.0011149,0.0015812,0.0017135,0.0016737,0.0022173,0.0027595,0.0032262,0.0035433,0.0036557,0.0035433,0.0032262,0.0027595,0.0022173,0.0016737,0.0011868,0.00079061,0,0,0,0,0,0
0,0,0,0.0021491,0.0032262,0.0045496,0.0060273,0.0075011,0.0087697,0.0096316,0.0099373,0.0096316,0.0087697,0.0075011,0.0068179,0.0057365,0.0048999,0.0043664,0.0027595,0.0032262,0.0035433,0.0036557,0.0035433,0.0032262,0.0027595,0.0022173,0.0016737,0.0023018,0.0024643,0.0023603,0.0031269,0.0038915,0.0045496,0.0049968,0.0051554,0.0049968,0.0045496,0.0038915,0.0031269,0.0023603,0.0016737,0.0011149,0,0,0,0,0,0
0,0,0,0.0023603,0.0035433,0.0049968,0.0066197,0.0082383,0.0096316,0.010578,0.010914,0.010578,0.0096316,0.0082383,0.0077346,0.0066705,0.0059036,0.0054872,0.0038915,0.0045496,0.0049968,0.0051554,0.0049968,0.0045496,0.0038915,0.0031269,0.0023603,0.0031508,0.0033323,0.0031269,0.0041425,0.0051554,0.0060273,0.0066197,0.0068298,0.0066197,0.0060273,0.0051554,0.0041425,0.0031269,0.0022173,0.0014771,0,0,0,0,0,0
0,0,0,0.0024352,0.0036557,0.0051554,0.0068298,0.0084999,0.0099373,0.010914,0.01126,0.010914,0.0099373,0.0084999,0.0083069,0.0073727,0.0067827,0.0065777,0.0051554,0.0060273,0.0066197,0.0068298,0.0066197,0.0060273,0.0051554,0.0041425,0.0031269,0.0040555,0.0042366,0.0038915,0.0051554,0.006416,0.0075011,0.0082383,0.0084999,0.0082383,0.0075011,0.006416,0.0051554,0.0038915,0.0027595,0.0018382,0,0,0,0,0,0
0,0,0,0.0023603,0.0035433,0.0049968,0.0066197,0.0082383,0.0096316,0.010578,0.010914,0.010578,0.0096316,0.0082383,0.0084579,0.0077563,0.0074348,0.0075157,0.006416,0.0075011,0.0082383,0.0084999,0.0082383,0.0075011,0.006416,0.0051554,0.0038915,0.0049086,0.0050644,0.0045496,0.0060273,0.0075011,0.0087697,0.0096316,0.0099373,0.0096316,0.0087697,0.0075011,0.0060273,0.0045496,0.0032262,0.0021491,0,0,0,0,0,0
0,0,0,0.0021491,0.0032262,0.0045496,0.0060273,0.0075011,0.0087697,0.0096316,0.0099373,0.0096316,0.0087697,0.0075011,0.0081764,0.0077758,0.0077758,0.0081764,0.0075011,0.0087697,0.0096316,0.0099373,0.0096316,0.0087697,0.0075011,0.0060273,0.0045496,0.0055865,0.0056924,0.0049968,0.0066197,0.0082383,0.0096316,0.010578,0.010914,0.010578,0.0096316,0.0082383,0.0066197,0.0049968,0.0035433,0.0023603,0,0,0,0,0,0
0,0,0,0.0018382,0.0027595,0.0038915,0.0051554,0.006416,0.0075011,0.0082383,0.0084999,0.0082383,0.0075011,0.006416,0.0075157,0.0074348,0.0077563,0.0084579,0.0082383,0.0096316,0.010578,0.010914,0.010578,0.0096316,0.0082383,0.0066197,0.0049968,0.0059785,0.0060161,0.0051554,0.0068298,0.0084999,0.0099373,0.010914,0.01126,0.010914,0.0099373,0.0084999,0.0068298,0.0051554,0.0036557,0.0024352,0,0,0,0.00052666,0.00079061,0.0011149
0,0,0,0.0014771,0.0022173,0.0031269,0.0041425,0.0051554,0.0060273,0.0066197,0.0068298,0.0066197,0.0060273,0.0051554,0.0065777,0.0067827,0.0073727,0.0083069,0.0084999,0.0099373,0.010914,0.01126,0.010914,0.0099373,0.0084999,0.0068298,0.0051554,0.0060161,0.0059785,0.0049968,0.0066197,0.0082383,0.0096316,0.010578,0.010914,0.010578,0.0096316,0.0082383,0.0066197,0.0049968,0.0035433,0.0023603,0,0,0,0.00079061,0.0011868,0.0016737
0,0,0,0.0011149,0.0016737,0.0023603,0.0031269,0.0038915,0.0045496,0.0049968,0.0051554,0.0049968,0.0045496,0.0038915,0.0054872,0.0059036,0.0066705,0.0077346,0.0082383,0.0096316,0.010578,0.010914,0.010578,0.0096316,0.0082383,0.0066197,0.0049968,0.0056924,0.0055865,0.0045496,0.0060273,0.0075011,0.0092963,0.010422,0.011052,0.011109,0.010608,0.0096502,0.0083876,0.0069849,0.0055865,0.0042982,0.0018382,0.0014771,0.0011149,0.0019055,0.0022004,0.0023603
0,0,0,0.00079061,0.0011868,0.0016737,0.0022173,0.0027595,0.0032262,0.0035433,0.0036557,0.0035433,0.0032262,0.0027595,0.0043664,0.0048999,0.0057365,0.0068179,0.0075011,0.0087697,0.0096316,0.0099373,0.0096316,0.0087697,0.0075011,0.0060273,0.0045496,0.0050644,0.0049086,0.0038915,0.0051554,0.006416,0.0082917,0.0094252,0.010174,0.010456,0.010261,0.0096422,0.0086987,0.0075473,0.0063028,0.0050644,0.0027595,0.0022173,0.0016737,0.0026639,0.0030079,0.0031269
0,0,0,0.00052666,0.00079061,0.0011149,0.0014771,0.0018382,0.0021491,0.0023603,0.0024352,0.0023603,0.0021491,0.0018382,0.0033153,0.0038744,0.0046821,0.0056821,0.006416,0.0075011,0.0082383,0.0084999,0.0082383,0.0075011,0.006416,0.0051554,0.0038915,0.0042366,0.0040555,0.0031269,0.0041425,0.0051554,0.0071422,0.0082934,0.0091901,0.0097466,0.0099188,0.0097051,0.0091393,0.0082823,0.0072141,0.0060267,0.0038915,0.0031269,0.0023603,0.0035119,0.0038744,0.0038915
0,0,0,0,0,0,0,0,0,0,0,0,0,0,0.0014771,0.0022173,0.0031269,0.0041425,0.0051554,0.0060273,0.0066197,0.0068298,0.0066197,0.0060273,0.0051554,0.0041425,0.0031269,0.0033323,0.0031508,0.0023603,0.0031269,0.0038915,0.0060267,0.0072141,0.0082823,0.0091393,0.0097051,0.0099188,0.0097466,0.0091901,0.0082934,0.0071422,0.0051554,0.0041425,0.0031269,0.0043664,0.0047032,0.0045496
0,0,0,0,0,0,0,0,0,0,0,0,0,0,0.0011149,0.0016737,0.0023603,0.0031269,0.0038915,0.0045496,0.0049968,0.0051554,0.0049968,0.0045496,0.0038915,0.0031269,0.0023603,0.0024643,0.0023018,0.0016737,0.0022173,0.0027595,0.0050644,0.0063028,0.0075473,0.0086987,0.0096422,0.010261,0.010456,0.010174,0.0094252,0.0082917,0.006416,0.0051554,0.0038915,0.0051198,0.0053815,0.0049968
0.0018382,0.0014771,0.0011149,0.0013173,0.0013173,0.0011149,0.0014771,0.0018382,0.0021491,0.0023603,0.0024352,0.0023603,0.0021491,0.0018382,0.0022677,0.0023018,0.0024643,0.002744,0.0027595,0.0032262,0.0035433,0.0036557,0.0035433,0.0032262,0.0027595,0.0022173,0.0016737,0.0017135,0.0015812,0.0011149,0.0014771,0.0018382,0.0042982,0.0055865,0.0069849,0.0083876,0.0096502,0.010608,0.011109,0.011052,0.010422,0.0092963,0.0075011,0.0060273,0.0045496,0.0056614,0.0058048,0.0051554
0.0027595,0.0022173,0.0016737,0.0019775,0.0019775,0.0022004,0.0030079,0.0038744,0.0047032,0.0053815,0.0058048,0.0059036,0.0056614,0.0051198,0.0048931,0.0043026,0.0037788,0.0033826,0.0026288,0.0026758,0.0023603,0.0024352,0.0023603,0.0021491,0.0018382,0.0014771,0.0011149,0.00079061,0.00052666,0,0,0,0.0023603,0.0035433,0.0049968,0.0066197,0.0082383,0.0096316,0.010578,0.010914,0.010578,0.0096316,0.0082383,0.0066197,0.0049968,0.0059036,0.0059036,0.0049968
0.0038915,0.0031269,0.0023603,0.0027887,0.0027887,0.0031509,0.0043138,0.0055652,0.006767,0.0077563,0.0083816,0.0085401,0.0082054,0.0074348,0.0063531,0.0051198,0.003891,0.0027887,0.0011868,0.00079061,0,0,0,0,0,0,0,0,0,0,0,0,0.0024352,0.0036557,0.0051554,0.0068298,0.0084999,0.0099373,0.010914,0.01126,0.010914,0.0099373,0.0084999,0.0068298,0.0051554,0.0058048,0.0056614,0.0045496
0.0051554,0.0041425,0.0031269,0.0036944,0.0036944,0.0042419,0.0058162,0.0075157,0.0091542,0.010511,0.011379,0.011617,0.011183,0.010152,0.0086921,0.0070184,0.0053442,0.0038374,0.0016737,0.0011149,0,0,0,0,0,0,0,0,0,0,0,0.00052666,0.0031509,0.0046582,0.0064739,0.0084579,0.010387,0.011992,0.013013,0.013274,0.012727,0.01147,0.0097154,0.0077346,0.0057874,0.0059081,0.0051198,0.0038915
0.006416,0.0051554,0.0038915,0.0045977,0.0045977,0.0053686,0.0073727,0.0095429,0.011644,0.013394,0.014527,0.014858,0.014331,0.013036,0.011183,0.0090469,0.006902,0.0049651,0.0022173,0.0014771,0,0,0,0,0,0,0,0,0,0,0,0.00079061,0.0033359,0.0048999,0.006767,0.0087868,0.010727,0.012313,0.013287,0.013481,0.012858,0.011529,0.0097184,0.007701,0.0057365,0.0054938,0.0043664,0.0031269
0.0075011,0.0060273,0.0045496,0.0053753,0.0053753,0.0063879,0.0087868,0.011393,0.013925,0.016048,0.017438,0.01787,0.01727,0.015739,0.013528,0.010966,0.0083816,0.0060406,0.0027595,0.0018382,0,0,0,0,0,0,0,0,0,0,0,0.0011149,0.0035119,0.0051198,0.0070184,0.0090469,0.010966,0.012498,0.013394,0.013497,0.012788,0.011393,0.0095429,0.0075157,0.0055652,0.0049894,0.0035119,0.0023603
0.0082383,0.0066197,0.0049968,0.0059036,0.0059036,0.0071459,0.0098459,0.012788,0.015659,0.018079,0.019684,0.02021,0.019569,0.01787,0.015389,0.012498,0.0095706,0.00691,0.0032262,0.0021491,0,0,0,0,0,0,0,0,0,0,0,0.0014771,0.0036944,0.0053442,0.0072694,0.0092979,0.011183,0.012647,0.01345,0.01345,0.012647,0.011183,0.0092979,0.0072694,0.0053442,0.004485,0.0026639,0.0016737
0.0084999,0.0068298,0.0051554,0.006091,0.006091,0.0075157,0.010373,0.013497,0.016557,0.019152,0.020892,0.021492,0.020851,0.019078,0.016461,0.013394,0.010275,0.0074321,0.0035433,0.0023603,0,0,0,0,0,0,0,0,0,0,0,0.0018382,0.0038744,0.0055652,0.0075157,0.0095429,0.011393,0.012788,0.013497,0.013394,0.012498,0.010966,0.0090469,0.0070184,0.0051198,0.0040386,0.0019055,0.0011149
0.0082383,0.0066197,0.0049968,0.0059036,0.0059036,0.0074321,0.010275,0.013394,0.016461,0.019078,0.020851,0.021492,0.020892,0.019152,0.016557,0.013497,0.010373,0.0075157,0.0036557,0.0024352,0,0,0,0,0,0,0,0,0,0,0,0.0021491,0.0040168,0.0057365,0.007701,0.0097184,0.011529,0.012858,0.013481,0.013287,0.012313,0.010727,0.0087868,0.006767,0.0048999,0.0033359,0.00079061,0
0.0075011,0.0060273,0.0045496,0.0053753,0.0053753,0.00691,0.0095706,0.012498,0.015389,0.01787,0.019569,0.02021,0.019684,0.018079,0.015659,0.012788,0.0098459,0.0071459,0.0035433,0.0023603,0,0,0,0,0,0,0,0,0,0,0,0.0023603,0.0040699,0.0057874,0.0077346,0.0097154,0.01147,0.012727,0.013274,0.013013,0.011992,0.010387,0.0084579,0.0064739,0.0046582,0.0031509,0.00052666,0
0.006416,0.0051554,0.0038915,0.0045977,0.0045977,0.0060406,0.0083816,0.010966,0.013528,0.015739,0.01727,0.01787,0.017438,0.016048,0.013925,0.011393,0.0087868,0.0063879,0.0032262,0.0021491,0,0,0,0,0,0,0,0,0,0,0,0.0024352,0.0036557,0.0051554,0.0068298,0.0084999,0.0099373,0.010914,0.01126,0.010914,0.0099373,0.0084999,0.0068298,0.0051554,0.0036557,0.0024352,0,0
0.0051554,0.0041425,0.0031269,0.0036944,0.0036944,0.0049651,0.006902,0.0090469,0.011183,0.013036,0.014331,0.014858,0.014527,0.013394,0.011644,0.0095429,0.0073727,0.0053686,0.0027595,0.0018382,0,0,0,0,0,0,0,0,0,0,0,0.0023603,0.0035433,0.0049968,0.0066197,0.0082383,0.0096316,0.010578,0.010914,0.010578,0.0096316,0.0082383,0.0066197,0.0049968,0.0035433,0.0023603,0,0
0.0038915,0.0031269,0.0023603,0.0027887,0.0027887,0.0038374,0.0053442,0.0070184,0.0086921,0.010152,0.011183,0.011617,0.011379,0.010511,0.0091542,0.0075157,0.0058162,0.0042419,0.0022173,0.0014771,0,0,0,0,0,0,0,0,0,0,0,0.0021491,0.0032262,0.0045496,0.0060273,0.0075011,0.0087697,0.0096316,0.0099373,0.0096316,0.0087697,0.0075011,0.0060273,0.0045496,0.0032262,0.0021491,0,0
