0.0060273,0.0066197,0.0068298,0.0066197,0.0060273,0.0051554,0.0041425,0.0031269,0.0022173,0.0014771,0,0,0,0,0,0,0,0,0,0,0,0,0,0,0,0,0,0,0,0.0026758,0.0040168,0.0056646,0.0075044,0.0093393,0.010919,0.011992,0.012373,0.011992,0.010919,0.0093393,0.0075044,0.0056646,0.0054938,0.0048931,0.0031269,0.0041425,0.0051554,0.0060273
0.0075011,0.0082383,0.0084999,0.0082383,0.0075011,0.006416,0.0051554,0.0038915,0.0027595,0.0018382,0,0,0,0,0,0,0,0,0,0,0,0,0,0,0,0,0,0,0,0.0018382,0.0027595,0.0038915,0.0051554,0.006416,0.0075011,0.0082383,0.0084999,0.0082383,0.0075011,0.006416,0.0051554,0.0038915,0.0038744,0.0035119,0.0023603,0.0031269,0.0038915,0.0045496
0.0087697,0.0096316,0.0099373,0.0096316,0.0087697,0.0075011,0.0060273,0.0045496,0.0032262,0.0021491,0,0,0,0,0,0,0,0,0,0,0,0,0,0,0,0,0,0,0,0.0014771,0.0022173,0.0031269,0.0041425,0.0051554,0.0060273,0.0066197,0.0068298,0.0066197,0.0060273,0.0051554,0.0041425,0.0031269,0.0030079,0.0026639,0.0016737,0.0022173,0.0027595,0.0032262
0.0096316,0.010578,0.010914,0.010578,0.0096316,0.0082383,0.0066197,0.0049968,0.0035433,0.0023603,0,0,0,0,0,0,0,0,0,0,0,0,0,0,0,0,0,0,0,0.0011149,0.0016737,0.0023603,0.0031269,0.0038915,0.0045496,0.0049968,0.0051554,0.0049968,0.0045496,0.0038915,0.0031269,0.0023603,0.0022004,0.0019055,0.0011149,0.0014771,0.0018382,0.0021491
0.0099373,0.010914,0.01126,0.010914,0.0099373,0.0084999,0.0068298,0.0051554,0.0036557,0.0024352,0,0,0,0,0,0,0,0,0,0,0,0,0,0,0,0,0,0,0,0.00079061,0.0011868,0.0016737,0.0022173,0.0027595,0.0032262,0.0035433,0.0036557,0.0035433,0.0032262,0.0027595,0.0022173,0.0016737,0.0011868,0.00079061,0,0,0,0
0.0096316,0.010578,0.010914,0.010578,0.0096316,0.0082383,0.0066197,0.0049968,0.0035433,0.0023603,0.00052666,0.00079061,0.0011149,0.0014771,0.0018382,0.0021491,0.0023603,0.0024352,0.0023603,0.0021491,0.0018382,0.0014771,0.0011149,0.00079061,0.00052666,0,0.00052666,0.00079061,0.0011149,0.0020037,0.0026288,0.003264,0.0038374,0.0042735,0.0045094,0.0045094,0.0042735,0.0038374,0.003264,0.0026288,0.0020037,0.0011149,0.00079061,0.00052666,0,0,0,0
0.0098846,0.011109,0.011776,0.011781,0.01113,0.0099363,0.0083876,0.0066987,0.0050644,0.0036262,0.0019055,0.0019775,0.0022004,0.0022173,0.0027595,0.0032262,0.0035433,0.0036557,0.0035433,0.0032262,0.0027595,0.0022173,0.0016737,0.0011868,0.00079061,0,0.00079061,0.0011868,0.0016737,0.0022173,0.0027595,0.0032262,0.0035433,0.0036557,0.0035433,0.0032262,0.0027595,0.0022173,0.0016737,0.0011868,0.00079061,0,0,0,0,0,0,0
0.0091748,0.010456,0.011259,0.011465,0.011044,0.010072,0.0086987,0.0071177,0.005519,0.0040555,0.0027887,0.0028606,0.0031509,0.0031269,0.0038915,0.0045496,0.0049968,0.0051554,0.0049968,0.0045496,0.0038915,0.0031269,0.0023603,0.0016737,0.0011149,0,0.0011149,0.0016737,0.0023603,0.0031269,0.0038915,0.0045496,0.0049968,0.0051554,0.0049968,0.0045496,0.0038915,0.0031269,0.0023603,0.0016737,0.0011149,0,0,0,0,0,0,0
0.0083876,0.0097466,0.010721,0.011169,0.011024,0.010311,0.0091393,0.0076766,0.0061088,0.004604,0.0038374,0.003891,0.0042419,0.0041425,0.0051554,0.0060273,0.0066197,0.0068298,0.0066197,0.0060273,0.0051554,0.0041425,0.0031269,0.0022173,0.0014771,0,0.0014771,0.0022173,0.0031269,0.0041425,0.0051554,0.0060273,0.0066197,0.0068298,0.0066197,0.0060273,0.0051554,0.0041425,0.0031269,0.0022173,0.0014771,0,0,0,0,0,0,0
0.0076766,0.0091393,0.010311,0.011024,0.011169,0.010721,0.0097466,0.0083876,0.0068291,0.0052574,0.0049651,0.0049768,0.0053686,0.0051554,0.006416,0.0075011,0.0082383,0.0084999,0.0082383,0.0075011,0.006416,0.0051554,0.0038915,0.0027595,0.0018382,0,0.0018382,0.0027595,0.0038915,0.0051554,0.006416,0.0075011,0.0082383,0.0084999,0.0082383,0.0075011,0.006416,0.0051554,0.0038915,0.0027595,0.0018382,0,0,0,0,0,0,0
0.0071177,0.0086987,0.010072,0.011044,0.011465,0.011259,0.010456,0.0091748,0.0076029,0.005946,0.0060406,0.0059857,0.0063879,0.0060273,0.0075011,0.0087697,0.0096316,0.0099373,0.0096316,0.0087697,0.0075011,0.0060273,0.0045496,0.0032262,0.0021491,0,0.0021491,0.0032262,0.0045496,0.0060273,0.0075011,0.0087697,0.0096316,0.0099373,0.0096316,0.0087697,0.0075011,0.0060273,0.0045496,0.0032262,0.0021491,0,0,0,0,0,0,0
0.0066987,0.0083876,0.0099363,0.01113,0.011781,0.011776,0.011109,0.0098846,0.0082917,0.006554,0.00691,0.0067694,0.0071459,0.0066197,0.0082383,0.0096316,0.010578,0.010914,0.010578,0.0096316,0.0082383,0.0066197,0.0049968,0.0035433,0.0023603,0,0.0023603,0.0035433,0.0049968,0.0066197,0.0082383,0.0096316,0.010578,0.010914,0.010578,0.0096316,0.0082383,0.0066197,0.0049968,0.0035433,0.0023603,0,0,0,0,0,0,0
0.0049968,0.0066197,0.0082383,0.0096316,0.010578,0.010914,0.010578,0.0096316,0.0082383,0.0066197,0.0074321,0.007199,0.0075157,0.0068298,0.0084999,0.0099373,0.010914,0.01126,0.010914,0.0099373,0.0084999,0.0068298,0.0051554,0.0036557,0.0024352,0,0.0024352,0.0036557,0.0051554,0.0068298,0.0084999,0.0099373,0.010914,0.01126,0.010914,0.0099373,0.0084999,0.0068298,0.0051554,0.0036557,0.0024352,0,0,0,0,0,0,0
0.0051554,0.0068298,0.0084999,0.0099373,0.010914,0.01126,0.010914,0.0099373,0.0084999,0.0068298,0.0075157,0.007199,0.0074321,0.0066197,0.0082383,0.0096316,0.010578,0.010914,0.010578,0.0096316,0.0082383,0.0066197,0.0049968,0.0035433,0.0023603,0,0.0023603,0.0035433,0.0049968,0.0066197,0.0082383,0.0096316,0.010578,0.010914,0.010578,0.0096316,0.0082383,0.0066197,0.0049968,0.0035433,0.0023603,0,0,0,0,0,0,0
0.0049968,0.0066197,0.0082383,0.0096316,0.010578,0.010914,0.010578,0.0096316,0.0082383,0.0066197,0.0071459,0.0067694,0.00691,0.0060273,0.0075011,0.0087697,0.0096316,0.0099373,0.0096316,0.0087697,0.0075011,0.0060273,0.0045496,0.0032262,0.0021491,0,0.0021491,0.0032262,0.0045496,0.0060273,0.0075011,0.0087697,0.0096316,0.0099373,0.0096316,0.0087697,0.0075011,0.0060273,0.0045496,0.0032262,0.0021491,0,0,0,0,0,0,0
0.0045496,0.0060273,0.0075011,0.0092963,0.010422,0.011052,0.011109,0.010608,0.0096502,0.0083876,0.0088231,0.008346,0.0081897,0.0069936,0.0078931,0.008616,0.009029,0.0090265,0.0082383,0.0075011,0.006416,0.0051554,0.0038915,0.0027595,0.0018382,0,0.0018382,0.0027595,0.0038915,0.0051554,0.006416,0.0075011,0.0082383,0.0084999,0.0082383,0.0075011,0.006416,0.0051554,0.0038915,0.0027595,0.0018382,0,0,0,0,0,0,0
0.0038915,0.0051554,0.006416,0.0082917,0.0094252,0.010174,0.010456,0.010261,0.0096422,0.0086987,0.0090243,0.0085201,0.0081913,0.006902,0.0073727,0.007701,0.0078065,0.0076204,0.0066197,0.0060273,0.0051554,0.0041425,0.0031269,0.0022173,0.0014771,0,0.0014771,0.0022173,0.0031269,0.0041425,0.0051554,0.0060273,0.0066197,0.0068298,0.0066197,0.0060273,0.0051554,0.0041425,0.0031269,0.0022173,0.0014771,0,0,0,0,0,0,0
0.0031269,0.0041425,0.0051554,0.0071422,0.0082934,0.0091901,0.0097466,0.0099188,0.0097051,0.0091393,0.0093973,0.0088878,0.008387,0.0070184,0.0070184,0.00691,0.0066705,0.0062704,0.0049968,0.0045496,0.0038915,0.0031269,0.0023603,0.0016737,0.0011149,0,0.0011149,0.0016737,0.0023603,0.0031269,0.0038915,0.0045496,0.0049968,0.0051554,0.0049968,0.0045496,0.0038915,0.0031269,0.0023603,0.0016737,0.0011149,0,0,0,0,0,0,0
0.0023603,0.0031269,0.0038915,0.0060267,0.0072141,0.0082823,0.0091393,0.0097051,0.0099188,0.0097466,0.0099808,0.0094803,0.008816,0.0073727,0.006902,0.0063531,0.0057606,0.0051328,0.0035433,0.0032262,0.0027595,0.0022173,0.0016737,0.0011868,0.00079061,0,0.00079061,0.0011868,0.0016737,0.0022173,0.0027595,0.0032262,0.0035433,0.0036557,0.0035433,0.0032262,0.0032862,0.0030079,0.0027887,0.0026639,0.0026288,0.0021491,0.0023603,0.0024352,0.0023603,0.0021491,0.0018382,0.0014771
0.0016737,0.0022173,0.0027595,0.0050644,0.0063028,0.0075473,0.0086987,0.0096422,0.010261,0.010456,0.0107,0.010216,0.0094066,0.0078931,0.0069936,0.0060406,0.0051198,0.0042735,0.0023603,0.0021491,0.0018382,0.0014771,0.0011149,0.00079061,0.00052666,0,0.00052666,0.00079061,0.0011149,0.0014771,0.0018382,0.0021491,0.0023603,0.0024352,0.0023603,0.0021491,0.0026288,0.0026639,0.0027887,0.0030079,0.0032862,0.0032262,0.0035433,0.0036557,0.0035433,0.0032262,0.0027595,0.0022173
0.0011149,0.0014771,0.0018382,0.0042982,0.0055865,0.0069849,0.0083876,0.0096502,0.010608,0.011109,0.011052,0.010422,0.0092963,0.0075011,0.0060273,0.0045496,0.0032262,0.0021491,0,0,0,0,0,0,0,0,0,0,0,0,0,0,0,0,0,0,0.0011149,0.0016737,0.0023603,0.0031269,0.0038915,0.0045496,0.0049968,0.0051554,0.0049968,0.0045496,0.0038915,0.0031269
0,0,0,0.0023603,0.0035433,0.0049968,0.0066197,0.0082383,0.0096316,0.010578,0.010914,0.010578,0.0096316,0.0082383,0.0066197,0.0049968,0.0035433,0.0023603,0,0,0,0,0,0,0,0,0,0,0,0,0,0,0,0,0,0,0.0014771,0.0022173,0.0031269,0.0041425,0.0051554,0.0060273,0.0066197,0.0068298,0.0066197,0.0060273,0.0051554,0.0041425
0,0,0,0.0024352,0.0036557,0.0051554,0.0068298,0.0084999,0.0099373,0.010914,0.01126,0.010914,0.0099373,0.0084999,0.0068298,0.0051554,0.0036557,0.0024352,0,0,0,0,0,0,0,0,0,0,0,0,0,0,0,0,0,0,0.0018382,0.0027595,0.0038915,0.0051554,0.006416,0.0075011,0.0082383,0.0084999,0.0082383,0.0075011,0.006416,0.0051554
0,0,0,0.0023603,0.0035433,0.0049968,0.0066197,0.0082383,0.0096316,0.010578,0.010914,0.010578,0.0096316,0.0082383,0.0066197,0.0049968,0.0035433,0.0023603,0,0,0,0,0,0,0,0,0,0,0,0,0,0,0,0,0,0,0.0021491,0.0032262,0.0045496,0.0060273,0.0075011,0.0087697,0.0096316,0.0099373,0.0096316,0.0087697,0.0075011,0.0060273
0,0,0,0.0021491,0.0032262,0.0045496,0.0060273,0.0075011,0.0087697,0.0096316,0.0099373,0.0096316,0.0087697,0.0075011,0.0060273,0.0045496,0.0032262,0.0021491,0,0,0,0,0,0,0,0,0,0,0,0,0,0,0,0,0,0,0.0023603,0.0035433,0.0049968,0.0066197,0.0082383,0.0096316,0.010578,0.010914,0.010578,0.0096316,0.0082383,0.0066197
0,0,0,0.0018382,0.0027595,0.0038915,0.0051554,0.006416,0.0075011,0.0082383,0.0084999,0.0082383,0.0075011,0.006416,0.0051554,0.0038915,0.0027595,0.0018382,0,0,0,0,0,0,0,0,0,0,0,0,0,0,0,0,0,0,0.0024352,0.0036557,0.0051554,0.0068298,0.0084999,0.0099373,0.010914,0.01126,0.010914,0.0099373,0.0084999,0.0068298
0,0,0,0.0014771,0.0022173,0.0031269,0.0041425,0.0051554,0.0060273,0.0066197,0.0068298,0.0066197,0.0060273,0.0051554,0.0041425,0.0031269,0.0022173,0.0014771,0,0,0,0,0,0,0,0,0,0,0,0,0,0,0,0,0,0,0.0023603,0.0035433,0.0049968,0.0066197,0.0082383,0.0096316,0.010578,0.010914,0.010578,0.0096316,0.0082383,0.0066197
0,0,0,0.0011149,0.0016737,0.0023603,0.0031269,0.0038915,0.0045496,0.0049968,0.0051554,0.0049968,0.0045496,0.0038915,0.0031269,0.0023603,0.0016737,0.0011149,0,0,0,0,0,0,0,0,0,0,0,0,0,0,0,0,0,0,0.0021491,0.0032262,0.0045496,0.0060273,0.0075011,0.0087697,0.0096316,0.0099373,0.0096316,0.0087697,0.0075011,0.0060273
0,0,0,0.00079061,0.0011868,0.0016737,0.0022173,0.0027595,0.0032262,0.0035433,0.0036557,0.0035433,0.0032262,0.0027595,0.0022173,0.0016737,0.0011868,0.00079061,0,0,0,0,0,0,0,0,0,0,0,0,0,0,0,0,0,0,0.0018382,0.0027595,0.0038915,0.0051554,0.006416,0.0075011,0.0082383,0.0084999,0.0082383,0.0075011,0.006416,0.0051554
0,0,0,0.00052666,0.00079061,0.0011149,0.0014771,0.0018382,0.0021491,0.0023603,0.0024352,0.0023603,0.0021491,0.0018382,0.0014771,0.0011149,0.00079061,0.00052666,0,0,0,0,0,0,0,0,0,0,0,0,0,0,0,0,0,0,0.0014771,0.0022173,0.0031269,0.0041425,0.0051554,0.0060273,0.0066197,0.0068298,0.0066197,0.0060273,0.0051554,0.0041425
0,0,0,0,0,0,0,0,0,0,0,0,0,0,0,0,0,0,0,0,0,0,0,0,0,0,0,0,0,0,0,0,0,0,0,0,0.0011149,0.0016737,0.0023603,0.0031269,0.0038915,0.0045496,0.0049968,0.0051554,0.0049968,0.0045496,0.0038915,0.0031269
0,0,0,0,0,0,0,0,0,0,0,0,0,0,0,0,0,0,0,0,0,0,0,0,0,0,0,0,0,0,0,0,0,0,0,0,0.00079061,0.0011868,0.0016737,0.0022173,0.0027595,0.0032262,0.0035433,0.0036557,0.0035433,0.0032262,0.0027595,0.0022173
