0,0,0,0,0,0,0,0,0,0,0,0,0,0,0,0,0,0,0,0.0018382,0.0027595,0.0038915,0.0051554,0.006416,0.0075011,0.0082383,0.0084999,0.0082383,0.0075011,0.006416,0.0051554,0.0038915,0.0027595,0.0018382,0,0,0,0,0,0,0,0,0,0,0,0.00052666,0.00079061,0.0011149
0,0,0,0,0,0,0,0,0,0,0,0,0,0,0,0,0,0,0,0.0021491,0.0032262,0.0045496,0.0060273,0.0075011,0.0087697,0.0096316,0.0099373,0.0096316,0.0087697,0.0075011,0.0060273,0.0045496,0.0032262,0.0021491,0,0,0,0,0,0,0,0,0,0,0,0.00079061,0.0011868,0.0016737
0,0,0,0,0,0,0,0,0,0,0,0,0,0,0,0,0,0,0,0.0023603,0.0035433,0.0049968,0.0066197,0.0082383,0.0096316,0.010578,0.010914,0.010578,0.0096316,0.0082383,0.0066197,0.0049968,0.0035433,0.0023603,0,0,0,0,0,0,0,0,0,0,0,0.0011149,0.0016737,0.0023603
0,0,0,0,0,0,0,0,0,0,0,0,0,0,0,0,0,0,0,0.0024352,0.0036557,0.0051554,0.0068298,0.0084999,0.0099373,0.010914,0.01126,0.010914,0.0099373,0.0084999,0.0068298,0.0051554,0.0036557,0.0024352,0,0,0,0,0,0,0,0,0,0,0,0.0014771,0.0022173,0.0031269
0,0,0,0,0,0,0,0,0,0,0,0,0,0,0,0,0,0,0,0.0023603,0.0035433,0.0049968,0.0066197,0.0082383,0.0096316,0.010578,0.010914,0.010578,0.0096316,0.0082383,0.0066197,0.0049968,0.0035433,0.0023603,0,0,0,0,0,0,0,0,0,0,0,0.0018382,0.0027595,0.0038915
0,0,0,0,0,0,0,0,0,0,0,0,0,0,0,0,0,0,0,0.0021491,0.0032262,0.0045496,0.0060273,0.0075011,0.0087697,0.0096316,0.0099373,0.0096316,0.0087697,0.0075011,0.0060273,0.0045496,0.0032262,0.0021491,0,0,0,0,0,0,0,0,0,0,0,0.0021491,0.0032262,0.0045496
0,0,0,0,0,0,0,0,0,0,0,0,0,0,0,0,0,0,0,0.0018382,0.0027595,0.0038915,0.0051554,0.006416,0.0075011,0.0082383,0.0084999,0.0082383,0.0075011,0.006416,0.0051554,0.0038915,0.0027595,0.0018382,0,0,0,0,0,0.00052666,0.00079061,0.0011149,0.0014771,0.0018382,0.0021491,0.0047206,0.0059785,0.0073571
0,0,0,0,0,0,0,0,0,0,0,0,0,0,0,0,0,0,0,0.0014771,0.0022173,0.0031269,0.0041425,0.0051554,0.0060273,0.0066197,0.0068298,0.0066197,0.0060273,0.0051554,0.0041425,0.0031269,0.0022173,0.0014771,0,0,0,0,0,0.00079061,0.0011868,0.0016737,0.0022173,0.0027595,0.0032262,0.0059785,0.0073115,0.0086987
0.00052666,0,0,0,0,0.00052666,0.00079061,0.0011149,0.0014771,0.0018382,0.0021491,0.0023603,0.0024352,0.0023603,0.0021491,0.0018382,0.0014771,0.0011149,0.00079061,0.0016416,0.0016737,0.0023603,0.0031269,0.0038915,0.0045496,0.0049968,0.0051554,0.0049968,0.0045496,0.0038915,0.0031269,0.0023603,0.0016737,0.0011149,0,0,0,0,0,0.0011149,0.0016737,0.0023603,0.0031269,0.0038915,0.0045496,0.0073571,0.0086987,0.0099936
0.00079061,0,0,0,0,0.00079061,0.0011868,0.0016737,0.0022173,0.0027595,0.0032262,0.0035433,0.0036557,0.0035433,0.0032262,0.0027595,0.0022173,0.0016737,0.0011868,0.0015812,0.0011868,0.0016737,0.0022173,0.0027595,0.0032262,0.0035433,0.0036557,0.0035433,0.0032262,0.0027595,0.0022173,0.0016737,0.0011868,0.00079061,0,0,0,0,0,0.0014771,0.0022173,0.0031269,0.0041425,0.0051554,0.0060273,0.0087688,0.010056,0.011169
0.0029532,0.0021491,0.0023603,0.0024352,0.0023603,0.003264,0.0035119,0.0038374,0.0042419,0.0046821,0.0050763,0.0049968,0.0051554,0.0049968,0.0045496,0.0038915,0.0031269,0.0023603,0.0016737,0.0016416,0.00079061,0.0011149,0.0014771,0.0018382,0.0021491,0.0023603,0.0024352,0.0023603,0.0021491,0.0018382,0.0014771,0.0011149,0.00079061,0.00052666,0,0,0,0,0,0.0018382,0.0027595,0.0038915,0.0051554,0.006416,0.0075011,0.010077,0.011259,0.01213
0.0042366,0.0032262,0.0035433,0.0036557,0.0035433,0.0047032,0.0049768,0.0053442,0.0058162,0.0063423,0.0068179,0.0066197,0.0068298,0.0066197,0.0060273,0.0051554,0.0041425,0.0031269,0.0022173,0.0014771,0,0,0,0,0,0,0,0,0,0,0,0,0,0,0,0,0,0,0,0.0021491,0.0032262,0.0045496,0.0060273,0.0075011,0.0087697,0.011109,0.012155,0.012759
0.0057297,0.0045496,0.0049968,0.0051554,0.0049968,0.0063879,0.006651,0.0070184,0.0075157,0.0080897,0.008616,0.0082383,0.0084999,0.0082383,0.0075011,0.006416,0.0051554,0.0038915,0.0027595,0.0018382,0,0,0,0,0,0,0,0,0,0,0,0,0,0,0,0,0,0,0,0.0023603,0.0035433,0.0049968,0.0066197,0.0082383,0.0096316,0.011693,0.012588,0.012939
0.0073045,0.0060273,0.0066197,0.0068298,0.0066197,0.0081764,0.0083816,0.0086921,0.0091542,0.0097184,0.010247,0.0096316,0.0099373,0.0096316,0.0087697,0.0075011,0.0060273,0.0045496,0.0032262,0.0021491,0,0,0,0,0,0,0,0,0,0,0,0,0,0,0,0,0,0,0,0.0024352,0.0036557,0.0051554,0.0068298,0.0084999,0.0099373,0.011705,0.012447,0.012588
0.0087764,0.0075011,0.0082383,0.0084999,0.0082383,0.0098614,0.0099593,0.010152,0.010511,0.010998,0.01147,0.010578,0.010914,0.010578,0.0096316,0.0082383,0.0066197,0.0049968,0.0035433,0.0023603,0,0,0,0,0,0,0,0,0,0,0,0,0,0,0,0,0,0,0,0.0023603,0.0035433,0.0049968,0.0066197,0.0082383,0.0096316,0.011105,0.011705,0.011693
0.0099363,0.0087697,0.0096316,0.0099373,0.0096316,0.011205,0.011157,0.011183,0.011379,0.011726,0.012086,0.010914,0.01126,0.010914,0.0099373,0.0084999,0.0068298,0.0051554,0.0036557,0.0024352,0,0,0,0,0,0,0,0,0,0,0,0,0,0,0,0,0,0,0,0.0021491,0.0032262,0.0045496,0.0060273,0.0075011,0.0087697,0.0096316,0.0099373,0.0096316
0.010599,0.0096316,0.010578,0.010914,0.010578,0.011992,0.011782,0.011617,0.011617,0.011782,0.011992,0.010578,0.010914,0.010578,0.0096316,0.0082383,0.0066197,0.0049968,0.0035433,0.0023603,0,0,0.00052666,0.00079061,0.0011149,0.0014771,0.0018382,0.0021491,0.0023603,0.0024352,0.0023603,0.0021491,0.0018382,0.0014771,0.0011149,0.00079061,0.00052666,0,0,0.0018382,0.0027595,0.0038915,0.0051554,0.006416,0.0075011,0.0082383,0.0084999,0.0082383
0.010649,0.0099373,0.010914,0.01126,0.010914,0.012086,0.011726,0.011379,0.011183,0.011157,0.011205,0.0096316,0.0099373,0.0096316,0.0087697,0.0075011,0.0060273,0.0045496,0.0032262,0.0021491,0,0,0.00079061,0.0011868,0.0016737,0.0022173,0.0027595,0.0032262,0.0035433,0.0036557,0.0035433,0.0032262,0.0027595,0.0022173,0.0016737,0.0011868,0.00079061,0,0,0.0014771,0.0022173,0.0031269,0.0041425,0.0051554,0.0060273,0.0066197,0.0068298,0.0066197
0.010077,0.0096316,0.010578,0.010914,0.010578,0.01147,0.010998,0.010511,0.010152,0.0099593,0.010388,0.009029,0.0096148,0.0097154,0.0093393,0.0085651,0.0075157,0.0063268,0.0051198,0.0039873,0.0018382,0.0014771,0.0022299,0.0024643,0.002887,0.0031269,0.0038915,0.0045496,0.0049968,0.0051554,0.0049968,0.0045496,0.0038915,0.0031269,0.0023603,0.0022004,0.0019055,0.0011149,0.0014771,0.0029532,0.0038228,0.0047206,0.0055622,0.0062518,0.0066987,0.006835,0.0066325,0.0061117
0.0089781,0.0087697,0.0096316,0.0099373,0.0096316,0.010247,0.0097184,0.0091542,0.0086921,0.0083816,0.008967,0.0078065,0.0085035,0.008837,0.0087868,0.0083816,0.0076858,0.0067827,0.0057606,0.0047032,0.0027595,0.0022173,0.0031508,0.0034042,0.0039175,0.0041425,0.0051554,0.0060273,0.0066197,0.0068298,0.0066197,0.0060273,0.0051554,0.0041425,0.0031269,0.0030079,0.0026639,0.0016737,0.0022173,0.0035501,0.004413,0.005217,0.0058731,0.0063028,0.0064524,0.0063028,0.0058731,0.005217
0.007531,0.0075011,0.0082383,0.0084999,0.0082383,0.008616,0.0080897,0.0075157,0.0070184,0.006651,0.0075028,0.0066705,0.0075157,0.0081237,0.0084412,0.0084412,0.0081237,0.0075157,0.0066705,0.0056646,0.0038915,0.0031269,0.0041985,0.0044332,0.0050065,0.0051554,0.006416,0.0075011,0.0082383,0.0084999,0.0082383,0.0075011,0.006416,0.0051554,0.0038915,0.0038744,0.0035119,0.0023603,0.0031269,0.0044182,0.0053403,0.0061117,0.0066325,0.006835,0.0066987,0.0062518,0.0055622,0.0047206
0.0064727,0.0060273,0.0066197,0.0068298,0.0071464,0.0076085,0.0074572,0.0072933,0.0071825,0.0071259,0.0085406,0.0081958,0.009143,0.0098349,0.01022,0.010264,0.009952,0.0092942,0.0083332,0.0068179,0.0051554,0.0041425,0.005276,0.0054435,0.0060267,0.0060273,0.0075011,0.0087697,0.0096316,0.0099373,0.0096316,0.0087697,0.0075011,0.0060273,0.0045496,0.0047032,0.0043664,0.0031269,0.0041425,0.0051554,0.0060273,0.0066197,0.0068298,0.0066197,0.0060273,0.0051554,0.0041425,0.0031269
0.0052088,0.0045496,0.0049968,0.0051554,0.0057874,0.0062631,0.0063558,0.0064592,0.0065969,0.0067381,0.0086455,0.0087756,0.00987,0.010742,0.011325,0.011557,0.011389,0.010802,0.0098196,0.0080278,0.006416,0.0051554,0.0062518,0.0063028,0.006835,0.0066197,0.0082383,0.0096316,0.010578,0.010914,0.010578,0.0096316,0.0082383,0.0066197,0.0049968,0.0053815,0.0051198,0.0038915,0.0051554,0.006416,0.0075011,0.0082383,0.0084999,0.0082383,0.0075011,0.006416,0.0051554,0.0038915
0.0038744,0.0032262,0.0035433,0.0036557,0.0046582,0.0048999,0.0051198,0.0053442,0.0055652,0.0057365,0.0079365,0.0083816,0.0095465,0.010577,0.011393,0.011897,0.011992,0.011611,0.010747,0.0087697,0.0075011,0.0060273,0.0069849,0.0068819,0.0073045,0.0068298,0.0084999,0.0099373,0.010914,0.01126,0.010914,0.0099373,0.0084999,0.0068298,0.0051554,0.0058048,0.0056614,0.0045496,0.0060273,0.0075011,0.0087697,0.0096316,0.0099373,0.0096316,0.0087697,0.0075011,0.0060273,0.0045496
0.0033153,0.0021491,0.0023603,0.0024352,0.0038374,0.0043664,0.0049651,0.0056196,0.0062704,0.0068179,0.0095067,0.010373,0.011617,0.012647,0.013394,0.013774,0.013705,0.013131,0.012055,0.0096316,0.0082383,0.0066197,0.0073571,0.0070865,0.0073571,0.0066197,0.0082383,0.0096316,0.010578,0.010914,0.010578,0.0096316,0.0082383,0.0066197,0.0049968,0.0059036,0.0059036,0.0049968,0.0066197,0.0082383,0.0096316,0.010578,0.010914,0.010578,0.0096316,0.0082383,0.0066197,0.0049968
0.0018382,0,0,0,0.0018382,0.0027595,0.0038915,0.0051554,0.006416,0.0075011,0.010674,0.012156,0.013394,0.014331,0.014916,0.015093,0.014806,0.01402,0.012752,0.0099373,0.0084999,0.0068298,0.0073045,0.0068819,0.0069849,0.0060273,0.0075011,0.0087697,0.0096316,0.0099373,0.0096316,0.0087697,0.0075011,0.0060273,0.0045496,0.0056614,0.0058048,0.0051554,0.0068298,0.0084999,0.0099373,0.010914,0.01126,0.010914,0.0099373,0.0084999,0.0068298,0.0051554
0.0021491,0,0,0,0.0021491,0.0032262,0.0045496,0.0060273,0.0075011,0.0087697,0.011992,0.013481,0.014628,0.015389,0.015739,0.015659,0.015128,0.01414,0.012727,0.010158,0.009029,0.0077346,0.0083121,0.008141,0.0084009,0.0075157,0.0088513,0.0098614,0.010387,0.010338,0.0097154,0.008616,0.0072066,0.0056821,0.0038915,0.0051198,0.0053815,0.0049968,0.0066197,0.0082383,0.0096316,0.010578,0.010914,0.010578,0.0096316,0.0082383,0.0066197,0.0049968
0.0023603,0,0,0,0.0023603,0.0035433,0.0049968,0.0066197,0.0082383,0.0096316,0.012727,0.01414,0.015128,0.015659,0.015739,0.015389,0.014628,0.013481,0.011992,0.0095603,0.0086879,0.007701,0.008244,0.008203,0.0085022,0.0076858,0.0088112,0.0095706,0.0098459,0.0095893,0.008837,0.007701,0.0063423,0.0049331,0.0031269,0.0043664,0.0047032,0.0045496,0.0060273,0.0075011,0.0087697,0.0096316,0.0099373,0.0096316,0.0087697,0.0075011,0.0060273,0.0045496
0.0024352,0,0,0,0.0024352,0.0036557,0.0051554,0.0068298,0.0084999,0.0099373,0.012752,0.01402,0.014806,0.015093,0.014916,0.014331,0.013394,0.012156,0.010674,0.008616,0.0080897,0.0075157,0.0081334,0.0083247,0.0087482,0.0081237,0.0090469,0.0095465,0.0095465,0.0090469,0.0081237,0.00691,0.0055652,0.0042419,0.0023603,0.0035119,0.0038744,0.0038915,0.0051554,0.006416,0.0075011,0.0082383,0.0084999,0.0082383,0.0075011,0.006416,0.0051554,0.0038915
0.0023603,0,0,0,0.0023603,0.0035433,0.0049968,0.0066197,0.0082383,0.0096316,0.012055,0.013131,0.013705,0.013774,0.013394,0.012647,0.011617,0.010373,0.00898,0.0075044,0.0073727,0.0072694,0.00806,0.0085596,0.0091781,0.008837,0.0095893,0.0098459,0.0095706,0.0088112,0.0076858,0.0063531,0.0049768,0.0036944,0.0016737,0.0026639,0.0030079,0.0031269,0.0041425,0.0051554,0.0060273,0.0066197,0.0068298,0.0066197,0.0060273,0.0051554,0.0041425,0.0031269
0.0021491,0,0,0,0.0021491,0.0032262,0.0045496,0.0060273,0.0075011,0.0087697,0.010747,0.011611,0.011992,0.011897,0.011393,0.010577,0.0095465,0.0083816,0.0071459,0.0063879,0.006651,0.0070184,0.0080424,0.0088804,0.009731,0.0097154,0.010338,0.010387,0.0098614,0.0088513,0.0075157,0.0060406,0.0045977,0.0033153,0.0011149,0.0019055,0.0022004,0.0023603,0.0031269,0.0038915,0.0045496,0.0049968,0.0051554,0.0049968,0.0045496,0.0038915,0.0031269,0.0023603
0.0018382,0,0,0,0.0018382,0.0027595,0.0038915,0.0051554,0.006416,0.0075011,0.009029,0.0096867,0.0099121,0.0097184,0.0091755,0.0083816,0.0074348,0.0064152,0.0053815,0.0053753,0.0059857,0.006767,0.007701,0.0086879,0.0095603,0.0096316,0.0099373,0.0096316,0.0087697,0.0075011,0.0060273,0.0045496,0.0032262,0.0021491,0,0.00079061,0.0011868,0.0016737,0.0022173,0.0027595,0.0032262,0.0035433,0.0036557,0.0035433,0.0032262,0.0027595,0.0022173,0.0016737
