0,0,0,0,0,0,0,0,0,0,0,0,0,0,0,0,0,0,0,0,0,0,0,0,0,0,0,0,0,0,0,0,0,0,0,0,0,0,0,0,0,0,0,0,0,0,0,0
0,0,0,0,0,0,0,0,0,0,0,0,0,0,0,0,0,0,0,0,0,0,0,0,0,0,0,0,0,0,0,0,0,0,0,0,0,0,0,0,0,0,0,0,0,0,0,0
0,0,0,0,0,0,0,0,0,0,0,0,0,0,0,0,0,0,0,0,0,0,0,0,0,0,0,0,0,0,0,0,0,0,0,0,0,0,0,0,0,0,0,0,0,0,0,0
0,0,0,0,0,0,0,0,0,0,0,0,0,0,0,0,0,0,0,0,0,0,0,0,0,0,0,0,0,0,0,0,0,0,0,0,0,0,0,0,0,0,0,0,0,0,0,0
0,0,0,0,0,0,0,0,0,0,0,0,0,0,0,0,0,0,0,0,0,0,0,0,0,0,0,0,0,0,0,0,0,0,0,0,0,0,0,0,0,0,0,0,0,0,0,0
0,0,0,0,0,0,0,0,0,0,0,0,0,0,0,0,0,0,0,0,0,0,0,0,0,0,0,0,0,0,0,0,0,0,0,0,0,0,0,0,0,0,0,0,0,0,0,0
0,0,0,0,0,0,0,0,0,0,0,0,0,0,0,0,0,0,0,0,0,0,0,0,0,0,0,0,0,0,0,0,0,0,0,0,0,0,0,0,0,0,0,0,0,0,0,0
0,0,0,0,0,0,0,0,0,0,0,0,0,0,0,0,0,0,0,0,0,0,0,0,0,0,0,0,0,0,0,0,0,0,0,0,0,0,0,0,0,0,0,0,0,0,0,0
0,0,0,0,0,0,0,0,0,0,0,0,0,0,0,0,0,0,0,0,0,0,0,0,0,0,0,0,0,0,0,0,0,0,0,0,0,0,0,0,0,0,0,0,0,0,0,0
0,0,0,0,0,0,0,0,0,0,0,0,0,0,0,0,0,0,0,0,0,0,0,0,0,0,0,0,0,0,0,0,0,0,0,0,0,0,0,0,0,0,0,0,0,0,0,0
0,0,0,0,0,0,0,0,0,0,0,0,0,0,0,0,0,0,0,0,0,0,0,0,0,0,0,0,0,0,0,0,0,0,0,0,0,0,0,0,0,0,0,0,0,0,0,0
0,0,0,0,0,0,0,0,0,0,0,0,0,0,0,0,0,0,0,0,0,0,0,0,0,0,0,0,0,0,0,0,0,0.00052666,0.00079061,0.0011149,0.0014771,0.0018382,0.0021491,0.0023603,0.0024352,0.0023603,0.0021491,0.0018382,0.0014771,0.0011149,0.00079061,0.00052666
0,0,0,0,0,0,0,0,0,0,0,0,0,0,0,0,0,0,0,0,0,0,0,0,0,0,0,0,0,0,0,0,0,0.00079061,0.0011868,0.0016737,0.0022173,0.0027595,0.0032262,0.0035433,0.0036557,0.0035433,0.0032262,0.0027595,0.0022173,0.0016737,0.0011868,0.00079061
0,0,0,0,0,0,0,0,0,0,0,0,0,0,0,0,0,0,0,0,0,0,0,0,0,0,0,0,0,0,0,0,0,0.0011149,0.0016737,0.0023603,0.0031269,0.0038915,0.0045496,0.0049968,0.0051554,0.0049968,0.0045496,0.0038915,0.0031269,0.0023603,0.0016737,0.0011149
0,0,0,0,0,0,0,0,0,0,0,0,0,0,0,0,0,0,0,0,0,0,0,0,0,0,0,0,0,0,0,0,0,0.0014771,0.0022173,0.0031269,0.0041425,0.0051554,0.0060273,0.0066197,0.0068298,0.0066197,0.0060273,0.0051554,0.0041425,0.0031269,0.0022173,0.0014771
0,0,0,0,0,0,0,0,0,0,0,0,0,0,0,0,0,0,0.00052666,0.00079061,0.0011149,0.0014771,0.0018382,0.0021491,0.0023603,0.0024352,0.0023603,0.0021491,0.0018382,0.0014771,0.0011149,0.00079061,0.00052666,0.0018382,0.0027595,0.0038915,0.0051554,0.006416,0.0075011,0.0082383,0.0084999,0.0082383,0.0075011,0.006416,0.0051554,0.0038915,0.0027595,0.0018382
0,0,0,0,0,0,0,0,0,0,0,0,0,0,0,0,0,0,0.00079061,0.0011868,0.0016737,0.0022173,0.0027595,0.0032262,0.0035433,0.0036557,0.0035433,0.0032262,0.0027595,0.0022173,0.0016737,0.0011868,0.00079061,0.0021491,0.0032262,0.0045496,0.0060273,0.0075011,0.0087697,0.0096316,0.0099373,0.0096316,0.0087697,0.0075011,0.0060273,0.0045496,0.0032262,0.0021491
0,0,0,0,0,0,0,0,0,0,0,0,0,0,0,0,0,0,0.0011149,0.0016737,0.0023603,0.0031269,0.0038915,0.0045496,0.0049968,0.0051554,0.0049968,0.0045496,0.0038915,0.0031269,0.0023603,0.0016737,0.0011149,0.0023603,0.0035433,0.0049968,0.0066197,0.0082383,0.0096316,0.010578,0.010914,0.010578,0.0096316,0.0082383,0.0066197,0.0049968,0.0035433,0.0023603
0,0,0,0,0,0,0,0,0,0,0,0,0,0,0,0,0,0,0.0014771,0.0022173,0.0031269,0.0041425,0.0051554,0.0060273,0.0066197,0.0068298,0.0066197,0.0060273,0.0051554,0.0041425,0.0031269,0.0022173,0.0014771,0.0024352,0.0036557,0.0051554,0.0068298,0.0084999,0.0099373,0.010914,0.01126,0.010914,0.0099373,0.0084999,0.0068298,0.0051554,0.0036557,0.0024352
0,0,0,0,0,0,0,0,0,0,0,0,0,0,0,0,0,0,0.0018382,0.0027595,0.0038915,0.0051554,0.006416,0.0075011,0.0082383,0.0084999,0.0082383,0.0075011,0.006416,0.0051554,0.0038915,0.0027595,0.0018382,0.0023603,0.0035433,0.0049968,0.0066197,0.0082383,0.0096316,0.010578,0.010914,0.010578,0.0096316,0.0082383,0.0066197,0.0049968,0.0035433,0.0023603
0,0,0,0,0,0,0,0,0,0,0,0,0,0,0,0,0,0,0.0021491,0.0032262,0.0045496,0.0060273,0.0075011,0.0087697,0.0096316,0.0099373,0.0096316,0.0087697,0.0075011,0.0060273,0.0045496,0.0032262,0.0021491,0.0021491,0.0032262,0.0045496,0.0060273,0.0075011,0.0087697,0.0096316,0.0099373,0.0096316,0.0087697,0.0075011,0.0060273,0.0045496,0.0032262,0.0021491
0,0,0,0,0,0,0,0,0,0,0,0,0,0,0,0,0,0,0.0023603,0.0035433,0.0049968,0.0066197,0.0082383,0.0096316,0.010578,0.010914,0.010578,0.0096316,0.0082383,0.0066197,0.0049968,0.0035433,0.0023603,0.0018382,0.0027595,0.0038915,0.0051554,0.006416,0.0075011,0.0082383,0.0084999,0.0082383,0.0075011,0.006416,0.0051554,0.0038915,0.0027595,0.0018382
0,0,0,0,0,0,0,0,0,0,0,0,0,0,0,0,0,0,0.0024352,0.0036557,0.0051554,0.0068298,0.0084999,0.0099373,0.010914,0.01126,0.010914,0.0099373,0.0084999,0.0068298,0.0051554,0.0036557,0.0024352,0.0014771,0.0022173,0.0031269,0.0041425,0.0051554,0.0060273,0.0066197,0.0068298,0.0066197,0.0060273,0.0051554,0.0041425,0.0031269,0.0022173,0.0014771
0.0014771,0.0018382,0.0021491,0.0023603,0.0024352,0.0023603,0.0021491,0.0018382,0.0014771,0.0011149,0.00079061,0.00052666,0,0,0,0,0,0,0.0023603,0.0035433,0.0049968,0.0066197,0.0082383,0.0096316,0.010578,0.010914,0.010578,0.0096316,0.0082383,0.0066197,0.0049968,0.0035433,0.0023603,0.0011149,0.0016737,0.0023603,0.0031269,0.0038915,0.0045496,0.0049968,0.0051554,0.0049968,0.0045496,0.0038915,0.0031269,0.0023603,0.0016737,0.0011149
0.0022173,0.0027595,0.0032262,0.0035433,0.0036557,0.0035433,0.0032262,0.0027595,0.0022173,0.0016737,0.0011868,0.00079061,0,0,0,0,0,0,0.0021491,0.0032262,0.0045496,0.0060273,0.0075011,0.0087697,0.0096316,0.0099373,0.0096316,0.0087697,0.0075011,0.0060273,0.0045496,0.0037528,0.0029397,0.0019055,0.0026639,0.0035119,0.0043664,0.0051198,0.0056614,0.0059036,0.0058048,0.0053815,0.0047032,0.0038744,0.0030079,0.0022004,0.0011868,0.00079061
0.0031269,0.0038915,0.0045496,0.0049968,0.0051554,0.0049968,0.0045496,0.0038915,0.0031269,0.0023603,0.0016737,0.0011149,0,0,0,0,0,0,0.0018382,0.0027595,0.0038915,0.0051554,0.006416,0.0075011,0.0082383,0.0084999,0.008765,0.0082917,0.007531,0.0066325,0.0057297,0.0056992,0.0053854,0.0046356,0.0053683,0.0060235,0.0065415,0.0068585,0.0069198,0.0066942,0.0061881,0.0051198,0.0043664,0.0035119,0.0026639,0.0019055,0.00079061,0.00052666
0.0041425,0.0051554,0.0060273,0.0066197,0.0068298,0.0066197,0.0060273,0.0051554,0.0041425,0.0031269,0.0022173,0.0014771,0,0,0,0,0,0,0.0014771,0.0022173,0.0031269,0.0041425,0.0051554,0.0060273,0.0066197,0.0068298,0.0074103,0.0072141,0.0068291,0.0063598,0.0058864,0.0065584,0.006694,0.0060161,0.0066702,0.0071177,0.0073091,0.0072141,0.0068291,0.0061837,0.0053403,0.0038915,0.0031269,0.0023603,0.0016737,0.0011149,0,0
0.0051554,0.006416,0.0075011,0.0082383,0.0084999,0.0082383,0.0075011,0.006416,0.0051554,0.0038915,0.0027595,0.0018382,0,0,0,0,0,0,0.0011149,0.0016737,0.0023603,0.0031269,0.0038915,0.0045496,0.0049968,0.0051554,0.0061117,0.0062234,0.0062518,0.0062538,0.0062518,0.0077004,0.0083291,0.0082823,0.0091393,0.0097051,0.0099188,0.0097466,0.0091901,0.0082934,0.0071422,0.0051554,0.0041425,0.0031269,0.0022173,0.0014771,0,0
0.0060273,0.0075011,0.0087697,0.0096316,0.0099373,0.0096316,0.0087697,0.0075011,0.0060273,0.0045496,0.0032262,0.0021491,0,0,0,0,0,0,0.00079061,0.0011868,0.0016737,0.0022173,0.0027595,0.0032262,0.0035433,0.0036557,0.0050203,0.0054435,0.0058864,0.0063598,0.0068291,0.0090524,0.01017,0.010721,0.011775,0.012443,0.012657,0.012381,0.011627,0.010456,0.0089781,0.006416,0.0051554,0.0038915,0.0027595,0.0018382,0,0
0.0066197,0.0082383,0.0096316,0.010578,0.010914,0.010578,0.0096316,0.0082383,0.0066197,0.0049968,0.0035433,0.0023603,0,0,0,0,0,0,0.00052666,0.00079061,0.0011149,0.0014771,0.0018382,0.0021491,0.0023603,0.0024352,0.0041985,0.0049086,0.0057297,0.0066325,0.007531,0.010441,0.011991,0.013049,0.014266,0.015002,0.015186,0.014787,0.013829,0.012391,0.010608,0.0075011,0.0060273,0.0045496,0.0032262,0.0021491,0,0
0.0068298,0.0084999,0.0099373,0.010914,0.01126,0.010914,0.0099373,0.0084999,0.0068298,0.0051554,0.0036557,0.0024352,0,0,0,0,0,0,0,0,0,0,0,0,0,0,0.0021491,0.0032262,0.0045496,0.0060273,0.0075011,0.01113,0.013702,0.015725,0.017366,0.018485,0.018971,0.018755,0.017824,0.01624,0.014141,0.010387,0.0084579,0.0064739,0.0046582,0.0031509,0.00052666,0
0.0066197,0.0082383,0.0096316,0.010578,0.010914,0.010578,0.0096316,0.0082383,0.0066197,0.0049968,0.0035433,0.0023603,0,0,0,0,0,0,0,0,0,0,0,0,0,0,0.0023603,0.0035433,0.0049968,0.0066197,0.0082383,0.012067,0.015025,0.017256,0.019082,0.020349,0.020935,0.02076,0.019801,0.018113,0.015841,0.011726,0.0095893,0.0073727,0.0053295,0.0036221,0.00079061,0
