0.010776,0.010132,0.0082446,0.0079149,0.0073687,0.0066702,0.0058731,0.0050203,0.0032262,0.0042366,0.0044346,0.0048006,0.0053293,0.005946,0.0060273,0.0066197,0.0068298,0.0066197,0.0060273,0.0051554,0.0041425,0.0031269,0.0022173,0.0014771,0,0,0,0,0,0,0,0,0,0,0,0,0,0,0,0,0,0,0,0,0.0023603,0.0035433,0.0049968,0.0066197
0.0134,0.012748,0.010628,0.010308,0.0097051,0.0088883,0.0079149,0.006835,0.0045496,0.0057297,0.0058864,0.0062518,0.0068291,0.007531,0.0075011,0.0082383,0.0084999,0.0082383,0.0075011,0.006416,0.0051554,0.0038915,0.0027595,0.0018382,0,0,0,0,0,0,0,0,0,0,0,0,0,0,0,0,0,0,0,0,0.0024352,0.0036557,0.0051554,0.0068298
0.015698,0.015119,0.012912,0.012657,0.012055,0.011169,0.010056,0.0087688,0.0060273,0.0073045,0.0073687,0.0076766,0.0082446,0.0089781,0.0087697,0.0096316,0.0099373,0.0096316,0.0087697,0.0075011,0.0060273,0.0045496,0.0032262,0.0021491,0,0,0,0,0,0,0,0,0,0,0,0,0,0,0,0,0,0,0,0,0.0023603,0.0035433,0.0049968,0.0066197
0.017329,0.016905,0.014787,0.014654,0.014121,0.013235,0.012043,0.010599,0.0075011,0.0087764,0.0086987,0.0088883,0.0093792,0.010077,0.0096316,0.010578,0.010914,0.010578,0.0096316,0.0082383,0.0066197,0.0049968,0.0035433,0.0023603,0,0,0.00052666,0.00079061,0.0011149,0.0014771,0.0018382,0.0021491,0.0023603,0.0024352,0.0023603,0.0021491,0.0018382,0.0014771,0.0011149,0.00079061,0.00052666,0,0,0,0.0021491,0.0032262,0.0045496,0.0060273
0.01803,0.017824,0.015965,0.016001,0.015599,0.014787,0.013593,0.012067,0.0087697,0.0099363,0.009683,0.0097051,0.010056,0.010649,0.0099373,0.010914,0.01126,0.010914,0.0099373,0.0084999,0.0068298,0.0051554,0.0036557,0.0024352,0,0,0.00079061,0.0011868,0.0016737,0.0022173,0.0027595,0.0032262,0.0035433,0.0036557,0.0035433,0.0032262,0.0027595,0.0022173,0.0016737,0.0011868,0.00079061,0,0,0,0.0018382,0.0027595,0.0038915,0.0051554
0.017683,0.017724,0.016251,0.016477,0.016251,0.015575,0.014457,0.012939,0.0096316,0.010599,0.010163,0.0099936,0.010163,0.010599,0.0096316,0.010578,0.010914,0.010578,0.0096316,0.0082383,0.0066197,0.0049968,0.0035433,0.0023603,0,0,0.0011149,0.0016737,0.0023603,0.0031269,0.0038915,0.0045496,0.0049968,0.0051554,0.0049968,0.0045496,0.0038915,0.0031269,0.0023603,0.0016737,0.0011149,0,0,0,0.0014771,0.0022173,0.0031269,0.0041425
0.016353,0.016625,0.015599,0.016001,0.015965,0.015464,0.014487,0.013063,0.0099373,0.010649,0.010056,0.0097051,0.009683,0.0099363,0.0087697,0.010158,0.010728,0.010747,0.010247,0.0093393,0.0081764,0.00691,0.0056614,0.0045094,0.0021491,0.0018382,0.0029541,0.0033323,0.0039175,0.0046692,0.0051554,0.0060273,0.0066197,0.0068298,0.0066197,0.0060273,0.0051554,0.0041425,0.0031269,0.0022173,0.0014771,0.00052666,0.00079061,0.0011149,0.002592,0.0035119,0.0045094,0.0054872
0.01426,0.014712,0.014121,0.014654,0.014787,0.01447,0.013674,0.012416,0.0096316,0.010077,0.0093792,0.0088883,0.0086987,0.0087764,0.0075011,0.009029,0.0096867,0.0099121,0.0097184,0.0091755,0.0083816,0.0074348,0.0064152,0.0053815,0.0032262,0.0027595,0.0040555,0.0044332,0.0050784,0.005946,0.006416,0.0075011,0.0082383,0.0084999,0.0082383,0.0075011,0.006416,0.0051554,0.0038915,0.0027595,0.0018382,0.00079061,0.0011868,0.0016737,0.0030079,0.0039463,0.0048999,0.0057606
0.01173,0.012284,0.012055,0.012657,0.012912,0.012759,0.012155,0.011109,0.0087697,0.0089781,0.0082446,0.0076766,0.0073687,0.0078312,0.0068179,0.0088496,0.0099806,0.010818,0.011303,0.011407,0.011127,0.010484,0.0095218,0.0083121,0.0060267,0.0050065,0.0060666,0.0061132,0.0062234,0.0071422,0.0075011,0.0087697,0.0096316,0.0099373,0.0096316,0.0087697,0.0075011,0.0060273,0.0045496,0.0032262,0.0021491,0.0011149,0.0016737,0.0023603,0.0036536,0.0046821,0.0056646,0.0064739
0.0091018,0.0096789,0.0097051,0.010308,0.010628,0.010599,0.010174,0.0093533,0.0075011,0.007531,0.0068291,0.0062518,0.0058864,0.0065203,0.0057365,0.0081476,0.0095901,0.010883,0.011918,0.01259,0.01281,0.012523,0.01173,0.010494,0.0082446,0.0068291,0.0076897,0.0074608,0.0072141,0.0080967,0.0082383,0.0096316,0.010578,0.010914,0.010578,0.0096316,0.0082383,0.0066197,0.0049968,0.0035433,0.0023603,0.0014771,0.0022173,0.0031269,0.0041425,0.0051554,0.0060273,0.0066197
0.0090989,0.0095572,0.0095178,0.0097531,0.0097217,0.0094084,0.0088073,0.007937,0.0060273,0.005946,0.0053293,0.0048006,0.0044346,0.0053515,0.0048999,0.0077418,0.0095422,0.011326,0.012931,0.014172,0.014874,0.014909,0.014236,0.01292,0.010628,0.0087764,0.0092644,0.0086622,0.0079149,0.008668,0.0084999,0.0099373,0.010914,0.01126,0.010914,0.0099373,0.0084999,0.0068298,0.0051554,0.0036557,0.0024352,0.0018382,0.0027595,0.0038915,0.0051554,0.006416,0.0075011,0.0082383
0.0077647,0.0082639,0.0085022,0.0084892,0.008244,0.0077855,0.0071329,0.0063141,0.0045496,0.0044182,0.0039175,0.0034753,0.0031508,0.0044302,0.0043664,0.0076363,0.0098039,0.012065,0.014204,0.015959,0.017077,0.017366,0.016755,0.015314,0.012912,0.010628,0.010605,0.00957,0.008223,0.0087688,0.0082383,0.0096316,0.010578,0.010914,0.010578,0.0096316,0.0082383,0.0066197,0.0049968,0.0035433,0.0023603,0.0021491,0.0032262,0.0045496,0.0060273,0.0075011,0.0087697,0.0096316
0.0063423,0.0066705,0.006767,0.006651,0.0063531,0.0059036,0.0053295,0.0046582,0.0032262,0.0027595,0.0022173,0.0016737,0.0011868,0.0026288,0.0027595,0.0062518,0.0086987,0.011413,0.014121,0.016477,0.018131,0.018817,0.018415,0.016994,0.014787,0.01213,0.011528,0.010061,0.0080929,0.0083876,0.0075011,0.0087697,0.0096316,0.0099373,0.0096316,0.0087697,0.0075011,0.0060273,0.0045496,0.0032262,0.0021491,0.0023603,0.0035433,0.0049968,0.0066197,0.0082383,0.0096316,0.010578
0.0076204,0.0077346,0.0075044,0.0069936,0.0062916,0.0054872,0.0046526,0.0038374,0.0021491,0.0018382,0.0014771,0.0011149,0.00079061,0.0026758,0.0032262,0.0069849,0.009683,0.012657,0.015599,0.018131,0.019875,0.020546,0.02003,0.018415,0.015965,0.013049,0.011894,0.010064,0.0075473,0.0075907,0.006416,0.0075011,0.0082383,0.0084999,0.0082383,0.0075011,0.006416,0.0051554,0.0038915,0.0027595,0.0018382,0.0024352,0.0036557,0.0051554,0.0068298,0.0084999,0.0099373,0.010914
0.0084999,0.0082383,0.0075011,0.006416,0.0051554,0.0038915,0.0027595,0.0018382,0,0,0,0,0,0.0023603,0.0035433,0.0073571,0.010163,0.013235,0.016251,0.018817,0.020546,0.021156,0.020546,0.018817,0.016251,0.013235,0.01164,0.0095745,0.0066702,0.0065028,0.0051554,0.0060273,0.0071464,0.0076204,0.0077346,0.0075044,0.0069936,0.0062916,0.0054872,0.0046526,0.0038374,0.0045094,0.0053815,0.0064739,0.0077346,0.009029,0.010158,0.010578
0.0099373,0.0096316,0.0087697,0.0075011,0.0060273,0.0045496,0.0032262,0.0021491,0,0,0,0,0,0.0024352,0.0036557,0.0073045,0.010056,0.013049,0.015965,0.018415,0.02003,0.020546,0.019875,0.018131,0.015599,0.012657,0.010798,0.0086586,0.0055865,0.005276,0.0038915,0.0045496,0.0057874,0.0063423,0.0066705,0.006767,0.006651,0.0063531,0.0059036,0.0053295,0.0046582,0.0053753,0.0059857,0.006767,0.007701,0.0086879,0.0095603,0.0096316
0.010914,0.010578,0.0096316,0.0082383,0.0066197,0.0049968,0.0035433,0.0023603,0,0,0,0,0,0.0023603,0.0035433,0.006835,0.0093792,0.01213,0.014787,0.016994,0.018415,0.018817,0.018131,0.016477,0.014121,0.011413,0.0094893,0.0074387,0.0044332,0.0040555,0.0027595,0.0032262,0.0046582,0.0053295,0.0059036,0.0063531,0.006651,0.006767,0.0066705,0.0063423,0.0057874,0.0063879,0.006651,0.0070184,0.0075157,0.0080897,0.008616,0.0082383
0.01126,0.010914,0.0099373,0.0084999,0.0068298,0.0051554,0.0036557,0.0024352,0,0,0,0,0,0.0021491,0.0032262,0.0060267,0.0082446,0.010628,0.012912,0.014787,0.015965,0.016251,0.015599,0.014121,0.012055,0.0097051,0.0078953,0.0060666,0.0033323,0.0029541,0.0018382,0.0021491,0.0038374,0.0046526,0.0054872,0.0062916,0.0069936,0.0075044,0.0077346,0.0076204,0.0071464,0.0075044,0.0073727,0.0072694,0.0072694,0.0073727,0.0075044,0.0066197
0.010914,0.010578,0.0096316,0.0082383,0.0066197,0.0049968,0.0035433,0.0023603,0,0,0,0,0,0.0018382,0.0027595,0.0050065,0.0068291,0.0087764,0.010628,0.01213,0.013049,0.013235,0.012657,0.011413,0.0097051,0.007783,0.0058864,0.0041985,0.0016737,0.0011149,0,0,0.0018382,0.0027595,0.0038915,0.0051554,0.006416,0.0075011,0.0082383,0.0084999,0.0082383,0.008616,0.0080897,0.0075157,0.0070184,0.006651,0.0063879,0.0049968
0.0099373,0.0096316,0.0087697,0.0075011,0.0060273,0.0045496,0.0032262,0.0021491,0,0,0,0,0,0.0014771,0.0022173,0.0039175,0.0053293,0.0068291,0.0082446,0.0093792,0.010056,0.010163,0.009683,0.0086987,0.0073687,0.0058864,0.0044346,0.0031508,0.0011868,0.00079061,0,0,0.0021491,0.0032262,0.0045496,0.0060273,0.0075011,0.0087697,0.0096316,0.0099373,0.0096316,0.0095603,0.0086879,0.007701,0.006767,0.0059857,0.0053753,0.0035433
0.0084999,0.0082383,0.0075011,0.006416,0.0051554,0.0038915,0.0027595,0.0018382,0,0,0,0,0,0.0011149,0.0016737,0.002887,0.0039175,0.0050065,0.0060267,0.006835,0.0073045,0.0073571,0.0069849,0.0062518,0.005276,0.0041985,0.0031508,0.0022299,0.00079061,0.00052666,0,0,0.0023603,0.0035433,0.0049968,0.0066197,0.0082383,0.0096316,0.010578,0.010914,0.010578,0.010158,0.009029,0.0077346,0.0064739,0.0053815,0.0045094,0.0023603
0.0068298,0.0066197,0.0060273,0.0051554,0.0041425,0.0031269,0.0022173,0.0014771,0,0,0,0,0,0.00079061,0.0011868,0.0016737,0.0022173,0.0027595,0.0032262,0.0035433,0.0036557,0.0035433,0.0032262,0.0027595,0.0022173,0.0016737,0.0011868,0.00079061,0,0,0,0,0.0024352,0.0036557,0.0051554,0.0068298,0.0084999,0.0099373,0.010914,0.01126,0.010914,0.0099373,0.0084999,0.0068298,0.0051554,0.0036557,0.0024352,0
0.0051554,0.0049968,0.0045496,0.0038915,0.0031269,0.0023603,0.0016737,0.0011149,0,0,0,0,0,0.00052666,0.00079061,0.0011149,0.0014771,0.0018382,0.0021491,0.0023603,0.0024352,0.0023603,0.0021491,0.0018382,0.0014771,0.0011149,0.00079061,0.00052666,0,0,0,0,0.0023603,0.0035433,0.0049968,0.0066197,0.0082383,0.0096316,0.010578,0.010914,0.010578,0.0096316,0.0082383,0.0066197,0.0049968,0.0035433,0.0023603,0
0.0036557,0.0035433,0.0032262,0.0027595,0.0022173,0.0016737,0.0011868,0.00079061,0,0,0,0,0,0,0,0,0,0,0,0,0,0,0,0,0,0,0,0,0,0,0,0,0.0021491,0.0032262,0.0045496,0.0060273,0.0075011,0.0087697,0.0096316,0.0099373,0.0096316,0.0087697,0.0075011,0.0060273,0.0045496,0.0032262,0.0021491,0
0.0024352,0.0023603,0.0021491,0.0018382,0.0014771,0.0011149,0.00079061,0.00052666,0,0,0,0,0,0,0,0,0,0,0,0,0,0,0,0,0,0,0,0,0,0,0,0,0.0018382,0.0027595,0.0038915,0.0051554,0.006416,0.0075011,0.0082383,0.0084999,0.0082383,0.0075011,0.006416,0.0051554,0.0038915,0.0027595,0.0018382,0
0,0,0,0,0,0,0,0,0,0,0,0,0,0,0,0,0,0,0,0,0,0,0,0,0,0,0,0,0,0,0,0,0.0014771,0.0022173,0.0031269,0.0041425,0.0051554,0.0060273,0.0066197,0.0068298,0.0066197,0.0060273,0.0051554,0.0041425,0.0031269,0.0022173,0.0014771,0
0,0,0,0,0,0,0,0,0,0,0,0,0,0,0,0,0,0,0,0,0,0,0,0,0,0,0,0,0,0,0,0,0.0011149,0.0016737,0.0023603,0.0031269,0.0038915,0.0045496,0.0049968,0.0051554,0.0049968,0.0045496,0.0038915,0.0031269,0.0023603,0.0016737,0.0011149,0
0,0,0,0,0,0,0,0,0,0,0,0,0,0,0,0,0,0,0,0,0,0,0,0,0,0,0,0,0,0,0,0,0.00079061,0.0011868,0.0016737,0.0022173,0.0027595,0.0032262,0.0035433,0.0036557,0.0035433,0.0032262,0.0027595,0.0022173,0.0016737,0.0011868,0.00079061,0
0,0,0,0,0,0,0,0,0,0,0,0,0,0,0,0,0,0,0,0,0,0,0,0,0,0,0,0,0,0,0,0,0.00052666,0.00079061,0.0011149,0.0014771,0.0018382,0.0021491,0.0023603,0.0024352,0.0023603,0.0021491,0.0018382,0.0014771,0.0011149,0.00079061,0.00052666,0
0,0,0,0,0,0,0,0,0,0,0,0,0,0,0,0,0,0,0,0,0,0,0,0,0,0,0,0,0,0,0,0,0,0,0,0,0,0,0,0,0,0,0,0,0,0,0,0
0,0,0,0,0,0,0,0,0,0,0,0,0,0,0,0,0,0,0,0,0,0,0,0,0,0,0,0,0,0,0,0,0,0,0,0,0,0,0,0,0,0,0,0,0,0,0,0
0,0,0,0,0,0,0,0,0,0,0,0,0,0,0,0,0,0,0,0,0,0,0,0,0,0,0,0,0,0,0,0,0,0,0,0,0,0,0,0,0,0,0,0,0,0,0,0
