0.0087697,0.0075011,0.0060273,0.0069849,0.0068819,0.0073045,0.0068298,0.010649,0.013164,0.015464,0.017288,0.018415,0.018707,0.018131,0.016767,0.014787,0.012425,0.0099363,0.0084625,0.0082054,0.0083816,0.0089789,0.0084999,0.0099373,0.010914,0.01126,0.010914,0.0099373,0.0084999,0.0068298,0.0051554,0.0036557,0.0024352,0,0,0,0.00079061,0.0011868,0.0016737,0.0022173,0.0027595,0.0032262,0.0035433,0.0036557,0.0035433,0.0032262,0.0027595,0.0022173
0.0096316,0.0082383,0.0066197,0.0073571,0.0070865,0.0073571,0.0066197,0.010599,0.013175,0.015575,0.017534,0.018817,0.019263,0.018817,0.017534,0.015575,0.013175,0.010599,0.00898,0.0085401,0.0085401,0.00898,0.0082383,0.0096316,0.010578,0.010914,0.010578,0.0096316,0.0082383,0.0066197,0.0049968,0.0035433,0.0023603,0,0,0,0.0011149,0.0016737,0.0023603,0.0031269,0.0038915,0.0045496,0.0049968,0.0051554,0.0049968,0.0045496,0.0038915,0.0031269
0.0099373,0.0084999,0.0068298,0.0073045,0.0068819,0.0069849,0.0060273,0.0099363,0.012425,0.014787,0.016767,0.018131,0.018707,0.018415,0.017288,0.015464,0.013164,0.010649,0.0089789,0.0083816,0.0082054,0.0084625,0.0075011,0.0092963,0.010422,0.011052,0.011109,0.010608,0.0096502,0.0083876,0.0069849,0.0055865,0.0042982,0.0018382,0.0014771,0.0011149,0.0022677,0.002744,0.0031269,0.0041425,0.0051554,0.0060273,0.0066197,0.0068298,0.0066197,0.0060273,0.0051554,0.0041425
0.0096316,0.0082383,0.0066197,0.006835,0.0063028,0.0062518,0.0051554,0.0087764,0.011044,0.013235,0.01512,0.016477,0.017133,0.016994,0.016069,0.01447,0.012391,0.010077,0.0084579,0.0077563,0.0074348,0.0075157,0.006416,0.0088184,0.010216,0.011289,0.011933,0.012099,0.011791,0.011059,0.0099825,0.0086631,0.0072135,0.0045977,0.0036944,0.0027887,0.0038157,0.0040768,0.0038915,0.0051554,0.006416,0.0075011,0.0082383,0.0084999,0.0082383,0.0075011,0.006416,0.0051554
0.0087697,0.0075011,0.0060273,0.0060267,0.0054435,0.005276,0.0041425,0.0073045,0.0092535,0.011169,0.012857,0.014121,0.014797,0.014787,0.01408,0.012759,0.010987,0.0089781,0.0075044,0.006767,0.0063531,0.0062916,0.0051554,0.0079328,0.0094803,0.010864,0.011964,0.012678,0.012931,0.012683,0.011938,0.010757,0.0092529,0.006651,0.0053442,0.004034,0.0050097,0.0051317,0.0045496,0.0060273,0.0075011,0.0087697,0.0096316,0.0099373,0.0096316,0.0087697,0.0075011,0.0060273
0.0099363,0.0087764,0.0073045,0.0068447,0.0064369,0.0061041,0.0050325,0.0077335,0.0091474,0.011037,0.012671,0.013848,0.014411,0.014279,0.013465,0.012076,0.01029,0.0083216,0.006797,0.0055652,0.0051198,0.0049651,0.0038915,0.0071416,0.0088878,0.010643,0.012266,0.013597,0.014468,0.014743,0.014346,0.01329,0.011692,0.0090469,0.0072694,0.0054872,0.0062514,0.0061353,0.0049968,0.0066197,0.0082383,0.0096316,0.010578,0.010914,0.010578,0.0096316,0.0082383,0.0066197
0.009683,0.0086987,0.0073687,0.006677,0.0064121,0.0060113,0.0050779,0.0072445,0.008203,0.0098964,0.011342,0.012354,0.012797,0.012605,0.011807,0.010511,0.0088879,0.0071329,0.0057237,0.0043138,0.003891,0.0036944,0.0027595,0.0065415,0.0085201,0.010674,0.012841,0.014798,0.016288,0.017075,0.017003,0.016045,0.014319,0.011571,0.0092979,0.0070184,0.0074121,0.006971,0.0051554,0.0068298,0.0084999,0.0099373,0.010914,0.01126,0.010914,0.0099373,0.0084999,0.0068298
0.0097051,0.0088883,0.0076766,0.0067785,0.0067062,0.0062639,0.0055111,0.007195,0.0077143,0.0092703,0.010559,0.011407,0.011696,0.011385,0.010524,0.0092387,0.0077006,0.0060919,0.0047685,0.0031509,0.0027887,0.002592,0.0018382,0.0061364,0.008346,0.010876,0.013543,0.016066,0.018109,0.019347,0.019552,0.018661,0.016797,0.013917,0.011183,0.0084412,0.008346,0.0075306,0.0049968,0.0066197,0.0082383,0.0096316,0.010578,0.010914,0.010578,0.0096316,0.0082383,0.0066197
0.010056,0.0093792,0.0082446,0.0068291,0.0068064,0.0061349,0.0053442,0.0064102,0.0063423,0.007701,0.008837,0.0095893,0.0098459,0.0095706,0.0088112,0.0076858,0.0063531,0.0049768,0.0036944,0.0016737,0.0011868,0.00079061,0,0.0045094,0.0067694,0.0095465,0.012647,0.015739,0.018401,0.02021,0.020851,0.02021,0.018401,0.015739,0.012647,0.0095465,0.0089185,0.0077356,0.0045496,0.0060273,0.0075011,0.0087697,0.0096316,0.0099373,0.0096316,0.0087697,0.0075011,0.0060273
0.010649,0.010077,0.0089781,0.007531,0.0077843,0.0071777,0.006651,0.0075203,0.0072066,0.008616,0.0097154,0.010338,0.010387,0.0098614,0.0088513,0.0075157,0.0060406,0.0045977,0.0033153,0.0011149,0.00079061,0.00052666,0,0.0047956,0.007199,0.010152,0.01345,0.016738,0.019569,0.021492,0.022175,0.021492,0.019569,0.016738,0.01345,0.010152,0.0090372,0.0075551,0.0038915,0.0051554,0.006416,0.0075011,0.0082383,0.0084999,0.0082383,0.0075011,0.006416,0.0051554
0.0099373,0.0096316,0.0087697,0.0075011,0.0081764,0.0077758,0.0077758,0.0081764,0.0075011,0.0087697,0.0096316,0.0099373,0.0096316,0.0087697,0.0075011,0.0060273,0.0045496,0.0032262,0.0021491,0,0,0,0,0.0047956,0.007199,0.010152,0.01345,0.016738,0.019569,0.021492,0.022175,0.021492,0.019569,0.016738,0.01345,0.010152,0.0086761,0.0070129,0.0031269,0.0041425,0.0051554,0.0060273,0.0066197,0.0073565,0.0074103,0.0071422,0.0066325,0.0059807
0.010914,0.010578,0.0096316,0.0082383,0.00898,0.0085401,0.0085401,0.00898,0.0082383,0.0096316,0.010578,0.010914,0.010578,0.0096316,0.0082383,0.0066197,0.0049968,0.0035433,0.0023603,0,0,0,0,0.0045094,0.0067694,0.0095465,0.012647,0.015739,0.018401,0.02021,0.020851,0.02021,0.018401,0.015739,0.012647,0.0095465,0.0078844,0.0061831,0.0023603,0.0031269,0.0038915,0.0045496,0.0049968,0.005946,0.0061837,0.0062234,0.0061088,0.0058864
0.01126,0.010914,0.0099373,0.0084999,0.0092651,0.0088112,0.0088112,0.0092651,0.0084999,0.0099373,0.010914,0.01126,0.010914,0.0099373,0.0084999,0.0068298,0.0051554,0.0036557,0.0024352,0,0,0,0,0.0039873,0.0059857,0.0084412,0.011183,0.013917,0.016271,0.01787,0.018437,0.01787,0.016271,0.013917,0.011183,0.0084412,0.0067763,0.0051742,0.0016737,0.0022173,0.0027595,0.0032262,0.0035433,0.0047707,0.005217,0.0055865,0.0058864,0.0061088
0.010914,0.010578,0.0096316,0.0082383,0.00898,0.0085401,0.0085401,0.00898,0.0082383,0.0096316,0.010578,0.010914,0.010578,0.0096316,0.0082383,0.0066197,0.0049968,0.0035433,0.0023603,0,0,0,0,0.0033153,0.0049768,0.0070184,0.0092979,0.011571,0.013528,0.014858,0.01533,0.014858,0.013528,0.011571,0.0092979,0.0070184,0.0055035,0.0041059,0.0011149,0.0014771,0.0018382,0.0021491,0.0023603,0.0039123,0.0045776,0.005276,0.0059807,0.0066325
0.0099373,0.0096316,0.0087697,0.0075011,0.0081764,0.0077758,0.0077758,0.0081764,0.0075011,0.0087697,0.0096316,0.0099373,0.0096316,0.0087697,0.0075011,0.0060273,0.0045496,0.0032262,0.0021491,0,0,0,0,0.002592,0.003891,0.0054872,0.0072694,0.0090469,0.010577,0.011617,0.011985,0.011617,0.010577,0.0090469,0.0072694,0.0054872,0.003891,0.002592,0,0,0,0,0,0.0018382,0.0027595,0.0038915,0.0051554,0.006416
0.0084999,0.0082383,0.0075011,0.006416,0.0069936,0.006651,0.006651,0.0069936,0.006416,0.0075011,0.0082383,0.0084999,0.0082383,0.0075011,0.006416,0.0051554,0.0038915,0.0027595,0.0018382,0,0,0,0,0.0019055,0.0028606,0.004034,0.0053442,0.006651,0.0077758,0.0085401,0.0088112,0.0085401,0.0077758,0.006651,0.0053442,0.004034,0.0028606,0.0019055,0,0,0,0,0,0.0021491,0.0032262,0.0045496,0.0060273,0.0075011
0.0068298,0.0066197,0.0060273,0.0051554,0.0056196,0.0053442,0.0053442,0.0056196,0.0051554,0.0060273,0.0066197,0.0068298,0.0066197,0.0060273,0.0051554,0.0041425,0.0031269,0.0022173,0.0014771,0,0,0,0,0.0013173,0.0019775,0.0027887,0.0036944,0.0045977,0.0053753,0.0059036,0.006091,0.0059036,0.0053753,0.0045977,0.0036944,0.0027887,0.0019775,0.0013173,0,0,0,0,0,0.0023603,0.0035433,0.0049968,0.0066197,0.0082383
0.0051554,0.0049968,0.0045496,0.0038915,0.0042419,0.004034,0.004034,0.0042419,0.0038915,0.0045496,0.0049968,0.0051554,0.0049968,0.0045496,0.0038915,0.0031269,0.0023603,0.0016737,0.0011149,0,0,0,0,0.00052666,0.00079061,0.0011149,0.0014771,0.0018382,0.0021491,0.0023603,0.0024352,0.0023603,0.0021491,0.0018382,0.0014771,0.0011149,0.00079061,0.00052666,0,0,0,0,0,0.0024352,0.0036557,0.0051554,0.0068298,0.0084999
0.0036557,0.0035433,0.0032262,0.0027595,0.0030079,0.0028606,0.0028606,0.0030079,0.0027595,0.0032262,0.0035433,0.0036557,0.0035433,0.0032262,0.0027595,0.0022173,0.0016737,0.0011868,0.00079061,0,0,0,0,0,0,0,0,0,0,0,0,0,0,0,0,0,0,0,0,0,0,0,0,0.0023603,0.0035433,0.0049968,0.0066197,0.0082383
0.0024352,0.0023603,0.0021491,0.0018382,0.0020037,0.0019055,0.0019055,0.0020037,0.0018382,0.0021491,0.0023603,0.0024352,0.0023603,0.0021491,0.0018382,0.0014771,0.0011149,0.00079061,0.00052666,0,0,0,0,0,0,0,0,0,0,0,0,0,0,0,0,0,0,0,0,0,0,0,0,0.0021491,0.0032262,0.0045496,0.0060273,0.0075011
0,0,0,0,0,0,0,0,0,0,0,0,0,0,0,0,0,0,0,0,0,0,0,0,0,0,0,0,0,0,0,0,0,0,0,0,0,0,0,0,0,0,0,0.0018382,0.0027595,0.0038915,0.0051554,0.006416
0,0,0,0,0,0,0,0,0,0,0,0,0,0,0,0,0,0,0,0,0,0,0,0,0,0,0,0,0,0,0,0,0,0,0,0,0,0,0,0,0,0,0,0.0014771,0.0022173,0.0031269,0.0041425,0.0051554
0,0,0,0,0,0,0,0,0,0,0,0,0,0,0,0,0,0,0,0,0,0,0,0,0,0,0,0,0,0,0,0,0,0,0,0,0,0,0,0,0,0,0,0.0011149,0.0016737,0.0023603,0.0031269,0.0038915
0,0,0,0,0,0,0,0,0,0,0,0,0,0,0,0,0,0,0,0,0,0,0,0,0,0,0,0,0,0,0,0,0,0,0,0,0,0,0,0,0,0,0,0.00079061,0.0011868,0.0016737,0.0022173,0.0027595
0,0,0,0,0,0,0,0,0,0,0,0,0,0,0,0,0,0,0,0,0,0,0,0,0,0,0,0,0,0,0,0,0,0,0,0,0,0,0,0,0,0,0,0.00052666,0.00079061,0.0011149,0.0014771,0.0018382
0,0,0,0,0,0,0,0,0,0,0,0,0,0,0,0,0,0,0,0,0,0,0,0,0,0,0,0,0,0,0,0,0,0,0,0,0,0,0,0,0,0,0,0,0,0,0,0
0,0,0,0,0,0,0,0,0,0,0,0,0,0,0,0,0,0,0,0,0,0,0,0,0,0,0,0,0,0,0,0,0,0,0,0,0,0,0,0,0,0,0,0,0,0,0,0
0,0,0,0,0,0,0,0,0,0,0,0,0,0,0,0,0,0,0,0,0,0,0,0,0,0,0,0,0,0,0,0,0,0,0,0,0,0,0,0,0,0,0,0,0,0,0,0
0,0,0,0,0,0,0,0,0,0,0,0,0,0,0,0,0,0,0,0,0,0,0,0,0,0,0,0,0,0,0,0,0,0,0,0,0,0,0,0,0,0,0,0,0,0,0,0
0,0,0,0,0,0,0,0,0,0,0,0,0,0,0,0,0,0,0,0,0,0,0,0,0,0,0,0,0,0,0,0,0,0,0,0,0,0,0,0,0,0,0,0,0,0,0,0
0,0,0,0,0,0,0,0,0,0,0,0,0,0,0,0,0,0,0,0,0,0,0,0,0,0,0,0,0,0,0,0,0,0,0,0,0,0,0,0,0,0,0,0,0,0,0,0
0,0,0,0,0,0,0,0,0,0,0,0,0,0,0,0,0,0,0,0,0,0,0,0,0,0,0,0,0,0,0,0,0,0,0,0,0,0,0,0,0,0,0,0,0,0,0,0
