0,0,0,0,0,0,0,0,0,0,0,0,0,0,0,0,0,0,0.0014771,0.0022173,0.0031269,0.0041425,0.0051554,0.0060273,0.0066197,0.0097168,0.010954,0.012139,0.013252,0.014219,0.014908,0.015156,0.014826,0.012939,0.013258,0.012294,0.011224,0.010254,0.0094893,0.0089143,0.0066197,0.0068298,0.0066197,0.0060273,0.0051554,0.0041425,0.0031269,0.0022173
0,0,0,0,0,0,0,0,0,0,0,0,0,0,0,0,0,0,0.0018382,0.0027595,0.0038915,0.0051554,0.006416,0.0075011,0.0082383,0.011726,0.013081,0.01433,0.015463,0.016415,0.017055,0.017217,0.016754,0.014457,0.015002,0.014019,0.012939,0.011985,0.011259,0.010727,0.0082383,0.0084999,0.0082383,0.0075011,0.006416,0.0051554,0.0038915,0.0027595
0,0,0,0,0,0,0,0,0,0,0,0,0,0,0,0,0,0,0.0021491,0.0032262,0.0045496,0.0060273,0.0075011,0.0087697,0.0096316,0.013413,0.014849,0.016127,0.017248,0.018157,0.018731,0.018801,0.018219,0.015575,0.01633,0.015356,0.014296,0.013384,0.012718,0.012245,0.0096316,0.0099373,0.0096316,0.0087697,0.0075011,0.0060273,0.0045496,0.0032262
0,0,0,0,0,0,0,0,0,0,0,0,0,0,0,0,0,0,0.0023603,0.0035433,0.0049968,0.0066197,0.0082383,0.0096316,0.010578,0.01454,0.016022,0.017308,0.018408,0.019276,0.019794,0.019795,0.019127,0.016251,0.017157,0.0162,0.015167,0.014296,0.013682,0.013258,0.010578,0.010914,0.010578,0.0096316,0.0082383,0.0066197,0.0049968,0.0035433
0,0,0,0,0,0,0,0,0,0,0,0,0,0,0,0,0,0,0.0024352,0.0036557,0.0051554,0.0068298,0.0084999,0.0099373,0.010914,0.014937,0.016433,0.01772,0.018811,0.019662,0.020158,0.020132,0.019435,0.016477,0.017437,0.016488,0.015466,0.014613,0.014019,0.013614,0.010914,0.01126,0.010914,0.0099373,0.0084999,0.0068298,0.0051554,0.0036557
0.0021491,0.0023603,0.0024352,0.0023603,0.0021491,0.0018382,0.0014771,0.0011149,0.00079061,0.00052666,0,0,0,0,0,0,0,0,0.0023603,0.0035433,0.0049968,0.0066197,0.0082383,0.0096316,0.010578,0.01454,0.016022,0.017308,0.018408,0.019276,0.019794,0.019795,0.019127,0.016251,0.017157,0.0162,0.015167,0.014296,0.013682,0.013258,0.010578,0.010914,0.010578,0.0096316,0.0082383,0.0066197,0.0049968,0.0035433
0.0032262,0.0035433,0.0036557,0.0035433,0.0032262,0.0027595,0.0022173,0.0016737,0.0011868,0.00079061,0,0,0,0,0,0,0,0,0.0021491,0.0032262,0.0045496,0.0060273,0.0075011,0.0087697,0.0096316,0.013413,0.014849,0.016127,0.017248,0.018157,0.018731,0.018801,0.018219,0.015575,0.01633,0.015356,0.014296,0.013384,0.012718,0.012245,0.0096316,0.0099373,0.0096316,0.0087697,0.0075011,0.0060273,0.0045496,0.0032262
0.0045496,0.0049968,0.0051554,0.0049968,0.0045496,0.0038915,0.0031269,0.0023603,0.0016737,0.0011149,0,0,0,0,0,0,0,0,0.0018382,0.0027595,0.0038915,0.0051554,0.006416,0.0075011,0.0082383,0.011726,0.013081,0.01433,0.015463,0.016415,0.017055,0.017217,0.016754,0.014457,0.015002,0.014019,0.012939,0.011985,0.011785,0.011518,0.0098799,0.010768,0.011192,0.011127,0.010615,0.0097398,0.0086122,0.0073438
0.0060273,0.0066197,0.0068298,0.0066197,0.0060273,0.0051554,0.0041425,0.0031269,0.0022173,0.0020037,0.00079061,0.0011149,0.0014771,0.0018382,0.0021491,0.0023603,0.0024352,0.0023603,0.0036262,0.0040555,0.004604,0.0052574,0.005946,0.006554,0.0066197,0.0097168,0.010954,0.012139,0.013252,0.014219,0.014908,0.015156,0.014826,0.012939,0.013258,0.012294,0.011224,0.010254,0.01028,0.010101,0.009084,0.010234,0.011053,0.011471,0.011458,0.011024,0.010213,0.0090992
0.0075011,0.0082383,0.0084999,0.0082383,0.0075011,0.006416,0.0051554,0.0038915,0.0027595,0.0026288,0.0011868,0.0016737,0.0022173,0.0027595,0.0032262,0.0035433,0.0036557,0.0035433,0.0043411,0.0049599,0.0053683,0.0059156,0.0065554,0.0071785,0.0071459,0.0096648,0.010658,0.01146,0.012068,0.012466,0.012607,0.01242,0.011843,0.010158,0.0098846,0.0091748,0.0083876,0.0076766,0.0082326,0.0083725,0.0084721,0.0099561,0.011249,0.012226,0.01278,0.012832,0.012354,0.011379
0.0087697,0.0096316,0.0099373,0.0096316,0.0087697,0.0075011,0.0060273,0.0045496,0.0032262,0.003264,0.0016737,0.0023603,0.0031269,0.0038915,0.0045496,0.0049968,0.0051554,0.0049968,0.0053403,0.005869,0.0059875,0.0062514,0.0066505,0.0071006,0.0067694,0.0090372,0.0099585,0.010661,0.011141,0.011393,0.011392,0.011099,0.010477,0.009029,0.0082917,0.0076029,0.0068291,0.0061088,0.0069961,0.0072817,0.0081472,0.010016,0.011826,0.013396,0.014535,0.015074,0.014913,0.014044
0.011781,0.012939,0.013349,0.012939,0.011781,0.010077,0.0080967,0.0061117,0.0043339,0.004364,0.0022173,0.0031269,0.0041425,0.0051554,0.0060273,0.0066197,0.0068298,0.0066197,0.006554,0.007061,0.0069312,0.0069643,0.0071825,0.0075177,0.00691,0.0089091,0.0097331,0.010273,0.01053,0.010524,0.010269,0.0097706,0.0090302,0.0077346,0.006554,0.005946,0.0052574,0.004604,0.0058938,0.0063857,0.0080901,0.01035,0.012668,0.014806,0.016493,0.017478,0.017592,0.016792
0.013164,0.014457,0.014916,0.014457,0.013164,0.011259,0.0090471,0.0068291,0.0048426,0.0050641,0.0027595,0.0038915,0.0051554,0.006416,0.0075011,0.0082383,0.0084999,0.0082383,0.0075011,0.0078931,0.0073727,0.0070184,0.006902,0.0069936,0.0060273,0.0077346,0.0085035,0.00898,0.0091542,0.0090469,0.0086921,0.0081237,0.0073727,0.0064739,0.0045496,0.0038915,0.0031269,0.0023603,0.0038228,0.0043411,0.0066987,0.0092535,0.012051,0.014797,0.017133,0.018707,0.019263,0.018707
0.014181,0.015575,0.016069,0.015575,0.014181,0.01213,0.0097466,0.0073571,0.005217,0.0056244,0.0032262,0.0045496,0.0060273,0.0075011,0.0087697,0.0096316,0.0099373,0.0096316,0.0087697,0.0093393,0.0087868,0.0084412,0.0083816,0.0085651,0.0075011,0.009029,0.0096867,0.0099121,0.0097184,0.0091755,0.0083816,0.0074348,0.0064152,0.0053815,0.0032262,0.0027595,0.0022173,0.0016737,0.0035472,0.0043339,0.0073571,0.010163,0.013235,0.016251,0.018817,0.020546,0.021156,0.020546
0.014797,0.016251,0.016767,0.016251,0.014797,0.012657,0.01017,0.0076766,0.0054435,0.0059865,0.0035433,0.0049968,0.0066197,0.0082383,0.0096316,0.010578,0.010914,0.010578,0.0096316,0.010387,0.0098459,0.0095465,0.0095706,0.0098614,0.0087697,0.010158,0.010728,0.010747,0.010247,0.0093393,0.0081764,0.00691,0.0056614,0.0045094,0.0021491,0.0018382,0.0014771,0.0011149,0.0032259,0.0041824,0.0075907,0.010486,0.013655,0.016767,0.019414,0.021198,0.021828,0.021198
0.015002,0.016477,0.017,0.016477,0.015002,0.012832,0.010311,0.007783,0.005519,0.0061117,0.0036557,0.0051554,0.0068298,0.0084999,0.0099373,0.010914,0.01126,0.010914,0.0099373,0.01086,0.010373,0.010152,0.010275,0.010674,0.0096316,0.010578,0.010914,0.010578,0.0096316,0.0082383,0.0066197,0.0049968,0.0035433,0.0023603,0,0,0,0,0.0023603,0.0035433,0.0073571,0.010163,0.013235,0.016251,0.018817,0.020546,0.021156,0.020546
0.014797,0.016251,0.016767,0.016251,0.014797,0.012657,0.01017,0.0076766,0.0054435,0.0059865,0.0035433,0.0049968,0.0066197,0.0082383,0.0096316,0.010578,0.010914,0.010578,0.0096316,0.010674,0.010275,0.010152,0.010373,0.01086,0.0099373,0.010914,0.01126,0.010914,0.0099373,0.0084999,0.0068298,0.0051554,0.0036557,0.0024352,0,0,0,0,0.0021491,0.0032262,0.0066987,0.0092535,0.012051,0.014797,0.017133,0.018707,0.019263,0.018707
0.014181,0.015575,0.016069,0.015575,0.014181,0.01213,0.0097466,0.0073571,0.005217,0.0056244,0.0032262,0.0045496,0.0060273,0.0075011,0.0087697,0.0096316,0.0099373,0.0096316,0.0087697,0.0098614,0.0095706,0.0095465,0.0098459,0.010387,0.0096316,0.010578,0.010914,0.010578,0.0096316,0.0082383,0.0066197,0.0049968,0.0035433,0.0023603,0,0,0,0,0.0018382,0.0027595,0.0057297,0.0079149,0.010308,0.012657,0.014654,0.016001,0.016477,0.016001
0.013164,0.014457,0.014916,0.014457,0.013164,0.011259,0.0090471,0.0068291,0.0048426,0.0050641,0.0027595,0.0038915,0.0051554,0.006416,0.0075011,0.0082383,0.0084999,0.0082383,0.0075011,0.0085651,0.0083816,0.0084412,0.0087868,0.0093393,0.0087697,0.0096316,0.0099373,0.0096316,0.0087697,0.0075011,0.0060273,0.0045496,0.0032262,0.0021491,0,0,0,0,0.0014771,0.0022173,0.004604,0.0063598,0.0082823,0.01017,0.011775,0.012857,0.013239,0.012857
0.011781,0.012939,0.013349,0.012939,0.011781,0.010077,0.0080967,0.0061117,0.0043339,0.004364,0.0022173,0.0031269,0.0041425,0.0051554,0.0060273,0.0066197,0.0068298,0.0066197,0.0060273,0.0069936,0.006902,0.0070184,0.0073727,0.0078931,0.0075011,0.0082383,0.0084999,0.0082383,0.0075011,0.006416,0.0051554,0.0038915,0.0027595,0.0018382,0,0,0,0,0.0011149,0.0016737,0.0034753,0.0048006,0.0062518,0.0076766,0.0088883,0.0097051,0.0099936,0.0097051
0.0087697,0.0096316,0.0099373,0.0096316,0.0087697,0.0075011,0.0060273,0.0045496,0.0032262,0.003264,0.0016737,0.0023603,0.0031269,0.0038915,0.0045496,0.0049968,0.0051554,0.0049968,0.0045496,0.0053686,0.0053442,0.0054872,0.0058162,0.0062704,0.0060273,0.0066197,0.0068298,0.0066197,0.0060273,0.0051554,0.0041425,0.0031269,0.0022173,0.0014771,0,0,0,0,0.00079061,0.0011868,0.0024643,0.0034042,0.0044332,0.0054435,0.0063028,0.0068819,0.0070865,0.0068819
0.0075011,0.0082383,0.0084999,0.0082383,0.0075011,0.006416,0.0051554,0.0038915,0.0027595,0.0026288,0.0011868,0.0016737,0.0022173,0.0027595,0.0032262,0.0035433,0.0036557,0.0035433,0.0032262,0.0038744,0.003891,0.004034,0.0043138,0.0046821,0.0045496,0.0049968,0.0051554,0.0049968,0.0045496,0.0038915,0.0031269,0.0023603,0.0016737,0.0011149,0,0,0,0,0.00052666,0.00079061,0.0016416,0.0022677,0.0029532,0.0036262,0.0041985,0.0045843,0.0047206,0.0045843
0.0060273,0.0066197,0.0068298,0.0066197,0.0060273,0.0051554,0.0041425,0.0031269,0.0022173,0.0020037,0.00079061,0.0011149,0.0014771,0.0018382,0.0021491,0.0023603,0.0024352,0.0023603,0.0021491,0.0026288,0.0026639,0.0027887,0.0030079,0.0032862,0.0032262,0.0035433,0.0036557,0.0035433,0.0032262,0.0027595,0.0022173,0.0016737,0.0011868,0.00079061,0,0,0,0,0,0,0,0,0,0,0,0,0,0
0.0045496,0.0049968,0.0051554,0.0049968,0.0045496,0.0038915,0.0031269,0.0023603,0.0016737,0.0011149,0,0,0,0,0,0,0,0,0,0.00052666,0.00079061,0.0011149,0.0014771,0.0018382,0.0021491,0.0023603,0.0024352,0.0023603,0.0021491,0.0018382,0.0014771,0.0011149,0.00079061,0.00052666,0,0,0,0,0,0,0,0,0,0,0,0,0,0
0.0032262,0.0035433,0.0036557,0.0035433,0.0032262,0.0027595,0.0022173,0.0016737,0.0011868,0.00079061,0,0,0,0,0,0,0,0,0,0,0,0,0,0,0,0,0,0,0,0,0,0,0,0,0,0,0,0,0,0,0,0,0,0,0,0,0,0
0.0021491,0.0023603,0.0024352,0.0023603,0.0021491,0.0018382,0.0014771,0.0011149,0.00079061,0.00052666,0,0,0,0,0,0,0,0,0,0,0,0,0,0,0,0,0,0,0,0,0,0,0,0,0,0,0,0,0,0,0,0,0,0,0,0,0,0
0,0,0,0,0,0,0,0,0,0,0,0,0,0,0,0,0,0,0,0,0,0,0,0,0,0,0,0,0,0,0,0,0,0,0,0,0,0,0,0,0,0,0,0,0,0,0,0
0,0,0,0,0,0,0,0,0,0,0,0,0,0,0,0,0,0,0,0,0,0,0,0,0,0,0,0,0,0,0,0,0,0,0,0,0,0,0,0,0,0,0,0,0,0,0,0
0,0,0,0,0,0,0,0,0,0,0,0,0,0,0,0,0,0,0,0,0,0,0,0,0,0,0,0,0,0,0,0,0,0,0,0,0,0,0,0,0,0,0,0,0,0,0,0
0.0018382,0.0021491,0.0023603,0.0024352,0.0023603,0.0021491,0.0018382,0.0014771,0.0011149,0.00079061,0.00052666,0,0,0,0,0,0,0,0,0,0,0,0,0,0,0,0,0,0,0,0,0,0,0,0,0,0,0,0,0,0,0,0,0,0,0,0,0
0.0027595,0.0032262,0.0035433,0.0036557,0.0035433,0.0032262,0.0027595,0.0022173,0.0016737,0.0011868,0.00079061,0,0,0,0,0,0,0,0,0,0,0,0,0,0,0,0,0,0,0,0,0,0,0,0,0,0,0,0,0,0,0,0,0,0,0,0,0
0.0038915,0.0045496,0.0049968,0.0051554,0.0049968,0.0045496,0.0038915,0.0031269,0.0023603,0.0016737,0.0011149,0,0,0,0,0,0,0,0,0,0,0,0,0,0,0,0,0,0,0,0,0,0,0,0,0,0,0,0,0,0,0,0,0,0,0,0,0
