0,0,0,0,0,0,0,0,0,0,0,0,0,0,0,0,0,0,0,0,0,0,0,0,0,0,0,0,0,0,0,0,0,0,0,0,0,0,0,0,0,0,0,0,0,0,0,0
0,0,0,0,0,0,0,0,0,0,0,0,0,0,0,0,0,0,0,0,0,0,0,0,0,0,0,0,0,0,0,0,0,0,0,0,0,0,0,0,0,0,0,0,0,0,0,0
0,0,0,0,0,0,0,0,0,0,0,0,0,0,0,0,0,0,0,0,0,0,0,0,0,0,0,0,0,0,0,0,0,0,0,0,0,0,0,0,0,0,0,0,0,0,0,0
0,0,0,0,0,0,0,0,0,0,0,0,0,0,0,0,0,0,0,0,0,0.00052666,0.00079061,0.0011149,0.0014771,0.0018382,0.0021491,0.0023603,0.0024352,0.0023603,0.0021491,0.0018382,0.0014771,0.0011149,0.00079061,0.00052666,0,0,0,0,0,0,0,0,0,0,0,0
0,0,0,0,0,0,0,0,0,0,0,0,0,0,0,0,0,0,0,0,0,0.00079061,0.0011868,0.0016737,0.0022173,0.0027595,0.0032262,0.0035433,0.0036557,0.0035433,0.0032262,0.0027595,0.0022173,0.0016737,0.0011868,0.00079061,0,0,0,0,0,0,0,0,0,0,0,0
0,0,0,0,0,0,0,0,0,0,0,0,0,0,0,0,0,0,0,0,0,0.0011149,0.0016737,0.0023603,0.0031269,0.0038915,0.0045496,0.0049968,0.0051554,0.0049968,0.0045496,0.0038915,0.0031269,0.0023603,0.0016737,0.0011149,0,0,0,0,0,0,0,0,0,0,0,0
0,0,0,0,0,0,0,0,0,0,0,0,0,0,0,0,0,0,0,0,0,0.0014771,0.0022173,0.0031269,0.0041425,0.0051554,0.0060273,0.0066197,0.0068298,0.0066197,0.0060273,0.0051554,0.0041425,0.0031269,0.0022173,0.0014771,0,0,0,0,0,0,0,0,0,0,0,0
0,0,0,0,0,0,0,0,0,0,0,0,0,0,0,0,0,0,0,0,0,0.0018382,0.0027595,0.0038915,0.0051554,0.006416,0.0075011,0.0082383,0.0084999,0.0082383,0.0075011,0.006416,0.0051554,0.0038915,0.0027595,0.0018382,0,0,0,0,0,0,0,0,0,0,0,0
0,0,0,0,0,0,0,0,0,0,0,0,0,0,0,0,0,0,0,0,0,0.0021491,0.0032262,0.0045496,0.0060273,0.0075011,0.0087697,0.0096316,0.0099373,0.0096316,0.0087697,0.0075011,0.0060273,0.0045496,0.0032262,0.0021491,0,0,0,0,0,0,0,0,0,0,0,0
0,0,0,0,0,0,0,0,0,0,0,0,0,0,0,0,0,0,0,0,0,0.0023603,0.0035433,0.0049968,0.0066197,0.0082383,0.0096316,0.010578,0.010914,0.010578,0.0096316,0.0082383,0.0066197,0.0049968,0.0035433,0.0023603,0,0,0,0,0,0,0,0,0,0,0,0
0,0,0,0,0,0,0,0,0.00052666,0.00079061,0.0011149,0.0014771,0.0018382,0.0021491,0.0023603,0.0024352,0.0023603,0.0021491,0.0018382,0.0014771,0.0011149,0.0032259,0.0041824,0.0051554,0.0068298,0.0084999,0.0099373,0.010914,0.01126,0.010914,0.0099373,0.0084999,0.0068298,0.0051554,0.0036557,0.0024352,0,0,0,0,0,0,0,0,0,0,0,0
0,0,0,0,0,0,0,0,0.00079061,0.0011868,0.0016737,0.0022173,0.0027595,0.0032262,0.0035433,0.0036557,0.0035433,0.0032262,0.0027595,0.0022173,0.0016737,0.0035472,0.0043339,0.0049968,0.0066197,0.0082383,0.0096316,0.010578,0.010914,0.010578,0.0096316,0.0082383,0.0066197,0.0049968,0.0035433,0.0023603,0,0,0,0,0,0,0,0,0,0,0,0
0,0,0,0,0,0,0,0,0.0011149,0.0016737,0.0023603,0.0031269,0.0038915,0.0045496,0.0049968,0.0051554,0.0049968,0.0045496,0.0038915,0.0031269,0.0023603,0.0038228,0.0043411,0.0045496,0.0060273,0.0075011,0.0087697,0.0096316,0.0099373,0.0096316,0.0087697,0.0075011,0.0060273,0.0045496,0.0032262,0.0021491,0,0,0,0,0,0,0,0,0,0,0,0
0,0,0,0,0,0,0,0,0.0014771,0.0022173,0.0031269,0.0041425,0.0051554,0.0060273,0.0066197,0.0068298,0.0066197,0.006554,0.005946,0.0052574,0.004604,0.0058938,0.0063857,0.0062518,0.0075907,0.0087764,0.0096502,0.010077,0.0099769,0.0093533,0.0082917,0.0069427,0.0051554,0.0038915,0.0027595,0.0018382,0,0,0,0,0,0,0,0,0,0,0,0
0,0,0,0,0,0,0,0,0.0018382,0.0027595,0.0038915,0.0051554,0.006416,0.0075011,0.0082383,0.0084999,0.0082383,0.0082917,0.0076029,0.0068291,0.0061088,0.0069961,0.0072817,0.0066702,0.0077982,0.0086987,0.0092535,0.0093792,0.0090471,0.0082934,0.0072141,0.005946,0.0041425,0.0031269,0.0022173,0.0014771,0,0,0,0,0,0,0,0,0,0,0,0
0,0,0,0,0,0,0,0,0.0021491,0.0032262,0.0045496,0.0060273,0.0075011,0.0087697,0.0096316,0.0099373,0.0096316,0.0098846,0.0091748,0.0083876,0.0076766,0.0082326,0.0083725,0.0073571,0.0082823,0.0088883,0.0090993,0.0088883,0.0082823,0.0073571,0.0062234,0.0050065,0.0031269,0.0023603,0.0016737,0.0011149,0,0,0,0,0,0,0,0,0,0,0,0
0,0,0,0,0,0,0,0,0.0023603,0.0035433,0.0049968,0.0066197,0.0082383,0.0096316,0.010578,0.011441,0.011369,0.012224,0.011933,0.011585,0.011288,0.01185,0.01201,0.010654,0.011196,0.011217,0.010731,0.0098136,0.0085889,0.0071968,0.0054435,0.0042366,0.0022173,0.0016737,0.0011868,0.00079061,0,0,0,0,0,0,0,0,0,0,0,0
0,0,0,0,0,0,0,0,0.0024352,0.0036557,0.0051554,0.0068298,0.0084999,0.0099373,0.010914,0.012051,0.012101,0.013449,0.013477,0.013481,0.013537,0.014142,0.014383,0.012897,0.013203,0.012836,0.011868,0.01045,0.0087775,0.0070425,0.0049086,0.0036764,0.0014771,0.0011149,0.00079061,0.00052666,0,0,0,0,0,0,0,0,0,0,0,0
0,0,0,0,0,0,0,0,0.0023603,0.0035433,0.0049968,0.0066197,0.0082383,0.0096316,0.010578,0.012029,0.012252,0.014141,0.014591,0.015061,0.015574,0.016041,0.016285,0.014628,0.014487,0.013523,0.012423,0.010652,0.008816,0.0071416,0.0050644,0.0042982,0.0023603,0.0024352,0.0023603,0.0021491,0.0018382,0.0014771,0.0011149,0.00079061,0.00052666,0,0,0,0,0,0,0
0,0,0,0,0,0,0,0,0.0021491,0.0032262,0.0045496,0.0060273,0.0075011,0.0087697,0.0096316,0.011414,0.011849,0.014257,0.015187,0.01618,0.017197,0.018084,0.018611,0.017198,0.016941,0.015734,0.014565,0.012552,0.010511,0.0086912,0.0063028,0.0055865,0.0035433,0.0036557,0.0035433,0.0032262,0.0027595,0.0022173,0.0016737,0.0011868,0.00079061,0,0,0,0,0,0,0
0.0018382,0.0014771,0.0011149,0.00079061,0.00052666,0,0,0,0.0018382,0.0027595,0.0038915,0.0051554,0.006416,0.0075011,0.0082383,0.010338,0.010998,0.013828,0.015227,0.016727,0.018222,0.019498,0.020275,0.019152,0.018762,0.01733,0.016208,0.014065,0.01195,0.010121,0.0075473,0.0069849,0.0049968,0.0051554,0.0049968,0.0045496,0.0038915,0.0031269,0.0023603,0.0016737,0.0011149,0,0,0,0,0,0,0
0.0027595,0.0022173,0.0016737,0.0011868,0.00079061,0,0,0,0.0014771,0.0022173,0.0031269,0.0041425,0.0051554,0.0060273,0.0066197,0.0089789,0.0098459,0.012937,0.014726,0.01664,0.018516,0.020087,0.021046,0.02021,0.019684,0.018079,0.017136,0.015005,0.012973,0.011288,0.0086987,0.0083876,0.0066197,0.0068298,0.0066197,0.0060273,0.0051554,0.0041425,0.0031269,0.0022173,0.0014771,0,0,0,0,0,0,0
0.0038915,0.0031269,0.0023603,0.0016737,0.0011149,0,0,0,0.0011149,0.0016737,0.0023603,0.0031269,0.0038915,0.0045496,0.0049968,0.0075157,0.0085401,0.011696,0.013737,0.015915,0.018019,0.019753,0.020799,0.02021,0.019569,0.01787,0.017228,0.015257,0.013462,0.012065,0.0096422,0.0096502,0.0082383,0.0084999,0.0082383,0.0075011,0.006416,0.0051554,0.0038915,0.0027595,0.0018382,0,0,0,0,0,0,0
0.0051554,0.0041425,0.0031269,0.0022173,0.0020037,0.00079061,0.0011149,0.0014771,0.0026288,0.0033359,0.004034,0.0046526,0.0051198,0.0053753,0.0053815,0.007568,0.0083139,0.01101,0.012875,0.014609,0.016766,0.018517,0.019552,0.019152,0.018437,0.016738,0.01648,0.014798,0.013361,0.012354,0.010261,0.010608,0.0096316,0.0099373,0.0096316,0.0087697,0.0075011,0.0060273,0.0045496,0.0032262,0.0021491,0.00052666,0.00079061,0.0011149,0.0014771,0.0018382,0.0021491,0.0023603
0.006416,0.0051554,0.0038915,0.0027595,0.0026288,0.0011868,0.0016737,0.0022173,0.0032862,0.0040168,0.0046582,0.0051328,0.0053815,0.0053753,0.0051198,0.0070129,0.0075773,0.0098098,0.011466,0.012842,0.014889,0.016524,0.017468,0.017198,0.016461,0.014858,0.015007,0.013695,0.012683,0.012107,0.010456,0.011109,0.010578,0.010914,0.010578,0.0096316,0.0082383,0.0066197,0.0049968,0.0035433,0.0023603,0.00079061,0.0011868,0.0016737,0.0022173,0.0027595,0.0032262,0.0035433
0.0075011,0.0060273,0.0045496,0.0032262,0.003264,0.0016737,0.0023603,0.0031269,0.0038915,0.0045496,0.0049968,0.0051554,0.0049968,0.0045496,0.0038915,0.005276,0.0055865,0.0073383,0.008816,0.0098614,0.011897,0.013523,0.014487,0.014628,0.013925,0.012498,0.013012,0.012097,0.011509,0.011339,0.010174,0.011052,0.010914,0.01126,0.010914,0.0099373,0.0084999,0.0068298,0.0051554,0.0036557,0.0024352,0.0011149,0.0016737,0.0023603,0.0031269,0.0038915,0.0045496,0.0049968
0.0082383,0.0066197,0.0049968,0.0035433,0.0038374,0.0022173,0.0031269,0.0041425,0.0051554,0.0060273,0.0066197,0.0068298,0.0066197,0.0060273,0.0051554,0.0059807,0.0058864,0.0068994,0.0078193,0.0080897,0.0097184,0.010998,0.011726,0.011782,0.011157,0.0099593,0.010742,0.010194,0.0099736,0.010132,0.0094252,0.010422,0.010578,0.010914,0.010578,0.0096316,0.0082383,0.0066197,0.0049968,0.0035433,0.0023603,0.0014771,0.0022173,0.0031269,0.0041425,0.0051554,0.0060273,0.0066197
0.0084999,0.0068298,0.0051554,0.0036557,0.0042735,0.0027595,0.0038915,0.0051554,0.006416,0.0075011,0.0082383,0.0084999,0.0082383,0.0075011,0.006416,0.0066325,0.0061088,0.0064131,0.0067713,0.0062704,0.0075044,0.0084579,0.0089789,0.00898,0.0084625,0.0075157,0.0084407,0.0081913,0.008244,0.0086193,0.0082917,0.0092963,0.0096316,0.0099373,0.0096316,0.0087697,0.0075011,0.0060273,0.0045496,0.0032262,0.0021491,0.0018382,0.0027595,0.0038915,0.0051554,0.006416,0.0075011,0.0082383
0.0082383,0.0066197,0.0049968,0.0035433,0.0045094,0.0032262,0.0045496,0.0060273,0.0075011,0.0087697,0.0096316,0.0099373,0.0096316,0.0087697,0.0075011,0.0071422,0.0062234,0.0055865,0.005276,0.0038915,0.0045496,0.0049968,0.0051554,0.0049968,0.0045496,0.0038915,0.0049651,0.0051198,0.0055652,0.0062704,0.006416,0.0075011,0.0082383,0.0084999,0.0082383,0.0075011,0.006416,0.0051554,0.0038915,0.0027595,0.0018382,0.0021491,0.0032262,0.0045496,0.0060273,0.0075011,0.0087697,0.0096316
0.0075011,0.0060273,0.0045496,0.0032262,0.0045094,0.0035433,0.0049968,0.0066197,0.0082383,0.0096316,0.010578,0.010914,0.010578,0.0096316,0.0082383,0.0074103,0.0061837,0.005217,0.0045776,0.0027595,0.0032262,0.0035433,0.0036557,0.0035433,0.0032262,0.0027595,0.0036944,0.003891,0.0043138,0.0049331,0.0051554,0.0060273,0.0066197,0.0068298,0.0066197,0.0060273,0.0051554,0.0041425,0.0031269,0.0022173,0.0014771,0.0023603,0.0035433,0.0049968,0.0066197,0.0082383,0.0096316,0.010578
0.006416,0.0051554,0.0038915,0.0027595,0.0042735,0.0036557,0.0051554,0.0068298,0.0084999,0.0099373,0.010914,0.01126,0.010914,0.0099373,0.0084999,0.0073565,0.005946,0.0047707,0.0039123,0.0018382,0.0021491,0.0023603,0.0024352,0.0023603,0.0021491,0.0018382,0.002592,0.0027887,0.0031509,0.0036536,0.0038915,0.0045496,0.0049968,0.0051554,0.0049968,0.0045496,0.0038915,0.0031269,0.0023603,0.0016737,0.0011149,0.0024352,0.0036557,0.0051554,0.0068298,0.0084999,0.0099373,0.010914
0.0051554,0.0041425,0.0031269,0.0022173,0.0038374,0.0035433,0.0049968,0.0066197,0.0082383,0.0096316,0.010578,0.010914,0.010578,0.0096316,0.0082383,0.0066197,0.0049968,0.0035433,0.0023603,0,0,0,0,0,0.00052666,0.00079061,0.0019055,0.0026639,0.0035119,0.0043664,0.0051198,0.0056614,0.0059036,0.0058048,0.0053815,0.0047032,0.0038744,0.0030079,0.0022004,0.0011868,0.00079061,0.0023603,0.0035433,0.0049968,0.0066197,0.0082383,0.0096316,0.010578
