0,0,0,0,0,0,0,0,0,0,0,0.00052666,0.00079061,0.0016416,0.0022677,0.0029532,0.0036262,0.0041985,0.0045843,0.0047206,0.0045843,0.0041985,0.0036262,0.0029532,0.0022677,0.0016416,0.00079061,0.00052666,0,0,0,0.00052666,0.00079061,0.0011149,0.0014771,0.0018382,0.0021491,0.0023603,0.0024352,0.0023603,0.0021491,0.0018382,0.0014771,0.0011149,0.00079061,0.002887,0.0035433,0.0049968
0,0,0,0,0,0,0,0,0,0,0,0,0,0.00079061,0.0011868,0.0016737,0.0022173,0.0027595,0.0032262,0.0035433,0.0036557,0.0035433,0.0032262,0.0032862,0.0030079,0.0027887,0.0026639,0.0026288,0.0021491,0.0023603,0.0024352,0.0031509,0.0033359,0.0035119,0.0036944,0.0038744,0.0040168,0.0040699,0.0036557,0.0035433,0.0032262,0.0027595,0.0022173,0.0016737,0.0011868,0.0029397,0.0032262,0.0045496
0,0,0,0,0,0,0,0,0,0,0,0,0,0.0011149,0.0016737,0.0023603,0.0031269,0.0038915,0.0045496,0.0049968,0.0051554,0.0049968,0.0045496,0.0046821,0.0043138,0.004034,0.003891,0.0038744,0.0032262,0.0035433,0.0036557,0.0046582,0.0048999,0.0051198,0.0053442,0.0055652,0.0057365,0.0057874,0.0051554,0.0049968,0.0045496,0.0038915,0.0031269,0.0023603,0.0016737,0.0029532,0.0027595,0.0038915
0,0,0,0,0,0,0,0,0,0,0,0,0,0.0014771,0.0022173,0.0031269,0.0041425,0.0051554,0.0060273,0.0066197,0.0068298,0.0066197,0.0060273,0.0062704,0.0058162,0.0054872,0.0053442,0.0053686,0.0045496,0.0049968,0.0051554,0.0064739,0.006767,0.0070184,0.0072694,0.0075157,0.007701,0.0077346,0.0068298,0.0066197,0.006554,0.005946,0.0052574,0.004604,0.0040555,0.0051032,0.0045776,0.0055622
0,0,0,0,0,0,0,0,0,0,0,0,0,0.0018382,0.0027595,0.0038915,0.0051554,0.006416,0.0075011,0.0082383,0.0084999,0.0082383,0.0075011,0.0078931,0.0073727,0.0070184,0.006902,0.0069936,0.0060273,0.0066197,0.0068298,0.0084579,0.0087868,0.0090469,0.0092979,0.0095429,0.0097184,0.0097154,0.0084999,0.0082383,0.0082917,0.0076029,0.0068291,0.0061088,0.005519,0.0061793,0.005217,0.0060161
0,0,0,0,0,0,0,0,0,0,0,0,0,0.0021491,0.0032262,0.0045496,0.0060273,0.0075011,0.0087697,0.0096316,0.0099373,0.0096316,0.0087697,0.0093393,0.0087868,0.0084412,0.0083816,0.0085651,0.0075011,0.0082383,0.0084999,0.010387,0.010727,0.010966,0.011183,0.011393,0.011529,0.01147,0.0099373,0.0096316,0.0098846,0.0091748,0.0083876,0.0076766,0.0071177,0.0074894,0.0061837,0.0068291
0.0021491,0.0023603,0.0024352,0.0023603,0.0021491,0.0018382,0.0014771,0.0011149,0.00079061,0.00052666,0,0,0,0.0023603,0.0035433,0.0049968,0.0066197,0.0082383,0.0096316,0.010578,0.010914,0.010578,0.0096316,0.010387,0.0098459,0.0095465,0.0095706,0.0098614,0.0087697,0.0096316,0.0099373,0.011992,0.012313,0.012498,0.012647,0.012788,0.012858,0.012727,0.010914,0.010578,0.011109,0.010456,0.0097466,0.0091393,0.0086987,0.0089143,0.0074103,0.0079448
0.0032262,0.0035433,0.0036557,0.0035433,0.0032262,0.0027595,0.0022173,0.0016737,0.0011868,0.00079061,0,0,0,0.0024352,0.0036557,0.0051554,0.0068298,0.0084999,0.0099373,0.010914,0.01126,0.010914,0.0099373,0.01086,0.010373,0.010152,0.010275,0.010674,0.0096316,0.010578,0.010914,0.013013,0.013287,0.013394,0.01345,0.013497,0.013481,0.013274,0.01126,0.010914,0.011776,0.011259,0.010721,0.010311,0.010072,0.0099363,0.0082383,0.0084999
0.0053403,0.0055235,0.0051554,0.0049968,0.0045496,0.0038915,0.0031269,0.0023603,0.0016737,0.0011149,0,0,0,0.0023603,0.0035433,0.0049968,0.0066197,0.0082383,0.0096316,0.010578,0.010914,0.010578,0.0096316,0.010674,0.010275,0.010152,0.010373,0.01086,0.0099373,0.010914,0.01126,0.013274,0.013481,0.013497,0.01345,0.013394,0.013287,0.013013,0.010914,0.010578,0.011781,0.011465,0.011169,0.011024,0.011044,0.01113,0.0096316,0.0099373
0.0072141,0.0074103,0.0068298,0.0066197,0.0060273,0.0051554,0.0041425,0.0031269,0.0022173,0.0014771,0,0,0,0.0021491,0.0032262,0.0045496,0.0060273,0.0075011,0.0087697,0.0096316,0.0099373,0.0096316,0.0087697,0.0098614,0.0095706,0.0095465,0.0098459,0.010387,0.0096316,0.010578,0.010914,0.012727,0.012858,0.012788,0.012647,0.012498,0.012313,0.011992,0.0099373,0.0096316,0.01113,0.011044,0.011024,0.011169,0.011465,0.011781,0.010578,0.010914
0.0091748,0.0093533,0.0084999,0.0082383,0.0075011,0.006416,0.0051554,0.0038915,0.0027595,0.0018382,0,0,0,0.0018382,0.0027595,0.0038915,0.0051554,0.006416,0.0075011,0.0082383,0.0084999,0.0082383,0.0075011,0.0085651,0.0083816,0.0084412,0.0087868,0.0093393,0.0087697,0.0096316,0.0099373,0.01147,0.011529,0.011393,0.011183,0.010966,0.010727,0.010387,0.0084999,0.0082383,0.0099363,0.010072,0.010311,0.010721,0.011259,0.011776,0.010914,0.01126
0.010987,0.011109,0.0099373,0.0096316,0.0087697,0.0075011,0.0060273,0.0045496,0.0032262,0.0021491,0,0,0,0.0014771,0.0022173,0.0031269,0.0041425,0.0051554,0.0060273,0.0066197,0.0068298,0.0066197,0.0060273,0.0069936,0.006902,0.0070184,0.0073727,0.0078931,0.0075011,0.0082383,0.0084999,0.0097154,0.0097184,0.0095429,0.0092979,0.0090469,0.0087868,0.0084579,0.0068298,0.0066197,0.0083876,0.0086987,0.0091393,0.0097466,0.010456,0.011109,0.010578,0.010914
0.012391,0.012416,0.010914,0.010578,0.0096316,0.0082383,0.0066197,0.0049968,0.0035433,0.0023603,0,0.00052666,0.00079061,0.0022299,0.0031508,0.0041985,0.005276,0.0062518,0.0069849,0.0073571,0.0073045,0.006835,0.0060267,0.0064835,0.0066615,0.0068045,0.0069312,0.0077474,0.0078655,0.0087688,0.0091901,0.01017,0.010061,0.0096648,0.0091076,0.0084955,0.0078819,0.0072645,0.0056821,0.0049968,0.0066987,0.0071177,0.0076766,0.0083876,0.0091748,0.0098846,0.0096316,0.0099373
0.013164,0.013063,0.01126,0.010914,0.0099373,0.0084999,0.0068298,0.0051554,0.0036557,0.0024352,0,0.00079061,0.0011868,0.0024643,0.0034042,0.0044332,0.0054435,0.0063028,0.0068819,0.0070865,0.0068819,0.0063028,0.0054435,0.0055482,0.0058685,0.0060115,0.0059875,0.0068994,0.0073091,0.008223,0.0086987,0.0094432,0.0092798,0.0087914,0.0081037,0.0073371,0.0065736,0.0058451,0.0044464,0.0035433,0.0050644,0.005519,0.0061088,0.0068291,0.0076029,0.0082917,0.0082383,0.0084999
0.013702,0.013729,0.012029,0.012055,0.01147,0.010387,0.00898,0.0074321,0.0059036,0.0045094,0.0018382,0.002592,0.0027887,0.0036776,0.0044442,0.0050065,0.0060267,0.006835,0.0073045,0.0073571,0.0069849,0.0062518,0.005276,0.0049892,0.0054526,0.0055773,0.0053683,0.0064131,0.0071177,0.0080929,0.0086525,0.0092253,0.0090136,0.0084241,0.0075859,0.0066389,0.0056963,0.0048247,0.0035502,0.0023603,0.0036262,0.0040555,0.004604,0.0052574,0.005946,0.006554,0.0066197,0.0068298
0.013216,0.013254,0.012138,0.01264,0.012644,0.012204,0.011409,0.010354,0.0091298,0.0078105,0.0051198,0.0058435,0.0057293,0.0057908,0.006048,0.005946,0.006554,0.0066197,0.0068298,0.0066197,0.0060273,0.0051554,0.0041425,0.0036536,0.004485,0.0048093,0.004604,0.0059807,0.0073045,0.0083876,0.0090549,0.0091901,0.0087688,0.0078655,0.0066325,0.0052574,0.0039175,0.002744,0.0014771,0,0.0011149,0.0016737,0.0023603,0.0031269,0.0038915,0.0045496,0.0049968,0.0051554
0.012159,0.012272,0.011651,0.012552,0.013066,0.013183,0.012912,0.012273,0.0113,0.010044,0.0074348,0.0081913,0.0078793,0.0077826,0.0079441,0.0076029,0.0082917,0.0082383,0.0084999,0.0082383,0.0075011,0.006416,0.0051554,0.0038915,0.0045977,0.0045977,0.0038915,0.0051554,0.006416,0.0075011,0.0082383,0.0084999,0.0082383,0.0075011,0.006416,0.0051554,0.0038915,0.0027595,0.0018382,0,0.00079061,0.0011868,0.0016737,0.0022173,0.0027595,0.0032262,0.0035433,0.0036557
0.010731,0.010986,0.011072,0.012436,0.013543,0.01431,0.014654,0.014506,0.013834,0.01266,0.010152,0.010841,0.010245,0.0098939,0.0098647,0.0091748,0.0098846,0.0096316,0.0099373,0.0096316,0.0087697,0.0075011,0.0060273,0.0045496,0.0053753,0.0053753,0.0045496,0.0060273,0.0075011,0.0087697,0.0096316,0.0099373,0.0096316,0.0087697,0.0075011,0.0060273,0.0045496,0.0032262,0.0021491,0,0.00052666,0.00079061,0.0011149,0.0014771,0.0018382,0.0021491,0.0023603,0.0024352
0.0091474,0.0095945,0.010524,0.01237,0.014093,0.015535,0.016521,0.016887,0.016532,0.015446,0.013036,0.013543,0.01259,0.011899,0.011585,0.010456,0.011109,0.010578,0.010914,0.010578,0.0096316,0.0082383,0.0066197,0.0049968,0.0059036,0.0059036,0.0049968,0.0066197,0.0082383,0.0096316,0.010578,0.010914,0.010578,0.0096316,0.0082383,0.0066197,0.0049968,0.0035433,0.0023603,0,0,0,0,0,0,0,0,0
0.0075926,0.0082465,0.010044,0.01233,0.014619,0.016685,0.018265,0.019112,0.019057,0.01806,0.015739,0.015964,0.014621,0.013537,0.01287,0.011259,0.011776,0.010914,0.01126,0.010914,0.0099373,0.0084999,0.0068298,0.0051554,0.006091,0.006091,0.0051554,0.0068298,0.0084999,0.0099373,0.010914,0.01126,0.010914,0.0099373,0.0084999,0.0068298,0.0051554,0.0036557,0.0024352,0,0,0,0,0,0,0,0,0
0.0061831,0.0070185,0.0095812,0.012206,0.014937,0.017497,0.019556,0.020799,0.021,0.020096,0.01787,0.01775,0.016041,0.014567,0.01353,0.011465,0.011781,0.010578,0.010914,0.010578,0.0096316,0.0082383,0.0071464,0.0057874,0.0070185,0.0073806,0.006835,0.0087688,0.010599,0.012067,0.012939,0.013063,0.012416,0.011109,0.0093533,0.0074103,0.0055235,0.0035433,0.0023603,0,0,0,0,0,0,0,0,0
0.0036221,0.0044464,0.0075157,0.010373,0.013497,0.016557,0.019152,0.020892,0.021492,0.020851,0.019078,0.018611,0.01662,0.014825,0.013459,0.011044,0.01113,0.0096316,0.0099373,0.0096316,0.0087697,0.0075011,0.0068179,0.0057365,0.007049,0.0075926,0.0073091,0.0092535,0.011044,0.012425,0.013175,0.013164,0.012391,0.010987,0.0091748,0.0072141,0.0053403,0.0032262,0.0021491,0,0,0,0,0,0,0,0,0
0.0031509,0.0040699,0.0074321,0.010275,0.013394,0.016461,0.019078,0.020851,0.021492,0.020892,0.019152,0.018395,0.016256,0.014265,0.012671,0.010072,0.0099363,0.0082383,0.0084999,0.0082383,0.0075011,0.006416,0.0062704,0.0055652,0.006958,0.0077246,0.007783,0.0097051,0.011413,0.012657,0.013235,0.013049,0.01213,0.010628,0.0087764,0.0068291,0.0050065,0.0027595,0.0018382,0,0,0,0,0,0,0,0,0
0.0021491,0.0032262,0.00691,0.0095706,0.012498,0.015389,0.01787,0.019569,0.02021,0.019684,0.018079,0.017136,0.015005,0.012973,0.011288,0.0086987,0.0083876,0.0066197,0.0068298,0.0066197,0.0060273,0.0051554,0.0056196,0.0053442,0.0068213,0.0078369,0.0082823,0.01017,0.011775,0.012857,0.013239,0.012857,0.011775,0.01017,0.0082823,0.0063598,0.004604,0.0022173,0.0014771,0,0,0,0,0,0,0,0,0
0.0018382,0.0027595,0.0060406,0.0083816,0.010966,0.013528,0.015739,0.01727,0.01787,0.017438,0.016048,0.01504,0.013066,0.011147,0.0095148,0.0071177,0.0066987,0.0049968,0.0051554,0.0049968,0.0045496,0.0038915,0.0049651,0.0051198,0.0066802,0.0079441,0.0087764,0.010628,0.01213,0.013049,0.013235,0.012657,0.011413,0.0097051,0.007783,0.0058864,0.0041985,0.0016737,0.0011149,0,0,0,0,0,0,0,0,0
0.0014771,0.0022173,0.0049651,0.006902,0.0090469,0.011183,0.013036,0.014331,0.014858,0.014527,0.013394,0.012434,0.01073,0.0090465,0.0075859,0.005519,0.0050644,0.0035433,0.0036557,0.0035433,0.0032262,0.0027595,0.0043664,0.0048999,0.0065271,0.0080048,0.0091748,0.010987,0.012391,0.013164,0.013175,0.012425,0.011044,0.0092535,0.0073091,0.0054435,0.0038228,0.0011868,0.00079061,0,0,0,0,0,0,0,0,0
0.0011149,0.0016737,0.0038374,0.0053442,0.0070184,0.0086921,0.010152,0.011183,0.011617,0.011379,0.010511,0.0096809,0.0083064,0.0069312,0.0057189,0.0040555,0.0036262,0.0023603,0.0024352,0.0023603,0.0021491,0.0018382,0.0038374,0.0046582,0.0063141,0.007937,0.0093533,0.011109,0.012416,0.013063,0.012939,0.012067,0.010599,0.0087688,0.006835,0.0050203,0.0034753,0.00079061,0.00052666,0,0,0,0,0,0,0,0,0
0.00079061,0.0011868,0.0027887,0.003891,0.0051198,0.0063531,0.0074348,0.0082054,0.0085401,0.0083816,0.0077563,0.006767,0.0055652,0.0043138,0.0031509,0.0016737,0.0011149,0,0,0,0,0,0.0024352,0.0036557,0.0051554,0.0068298,0.0084999,0.0099373,0.010914,0.01126,0.010914,0.0099373,0.0084999,0.0068298,0.0051554,0.0036557,0.0024352,0,0,0,0,0,0,0,0,0,0,0
0.00052666,0.00079061,0.0019055,0.0026639,0.0035119,0.0043664,0.0051198,0.0056614,0.0059036,0.0058048,0.0053815,0.0047032,0.0038744,0.0030079,0.0022004,0.0011868,0.00079061,0,0,0,0,0,0.0023603,0.0035433,0.0049968,0.0066197,0.0082383,0.0096316,0.010578,0.010914,0.010578,0.0096316,0.0082383,0.0066197,0.0049968,0.0035433,0.0023603,0,0,0,0,0,0,0,0,0,0,0
0,0,0.00052666,0.00079061,0.0011149,0.0014771,0.0018382,0.0021491,0.0023603,0.0024352,0.0023603,0.0021491,0.0018382,0.0014771,0.0011149,0.00079061,0.00052666,0,0,0,0,0,0.0021491,0.0032262,0.0045496,0.0060273,0.0075011,0.0087697,0.0096316,0.0099373,0.0096316,0.0087697,0.0075011,0.0060273,0.0045496,0.0032262,0.0021491,0,0,0,0,0,0,0,0,0,0,0
0,0,0,0,0,0,0,0,0,0,0,0,0,0,0,0,0,0,0,0,0,0,0.0018382,0.0027595,0.0038915,0.0051554,0.006416,0.0075011,0.0082383,0.0084999,0.0082383,0.0075011,0.006416,0.0051554,0.0038915,0.0027595,0.0018382,0,0,0,0,0,0,0,0,0,0,0
0,0,0,0,0,0,0,0,0,0,0,0,0,0,0,0,0,0,0,0,0,0,0.0014771,0.0022173,0.0031269,0.0041425,0.0051554,0.0060273,0.0066197,0.0068298,0.0066197,0.0060273,0.0051554,0.0041425,0.0031269,0.0022173,0.0014771,0,0,0,0,0,0,0,0,0,0,0
