0,0,0,0,0,0,0,0,0,0,0,0,0,0,0,0,0,0,0,0,0,0,0,0,0,0,0,0,0,0,0,0,0,0,0,0,0,0,0,0,0,0,0,0,0,0,0,0
0,0,0,0,0,0,0,0,0,0,0,0,0,0,0,0,0,0,0,0,0,0,0,0,0,0,0,0,0,0,0,0,0,0,0,0,0,0,0,0,0,0,0,0,0,0,0,0
0,0,0,0,0,0,0,0,0,0,0,0,0,0,0,0,0,0,0,0,0,0,0,0,0,0,0,0,0,0,0,0,0,0,0,0,0,0,0,0,0,0,0,0,0,0,0,0
0,0,0,0,0,0,0,0,0,0,0,0,0,0,0,0,0,0,0,0,0,0,0,0,0,0,0,0,0,0,0,0,0,0,0,0,0,0,0,0,0,0,0,0,0,0,0,0
0,0,0,0,0,0,0,0,0,0,0,0,0,0,0,0,0,0,0,0,0,0,0,0,0,0,0,0,0,0,0,0,0,0,0,0,0,0,0,0,0,0,0,0,0,0,0,0
0,0,0,0,0,0,0,0,0,0,0,0,0,0,0,0,0,0,0,0,0,0,0,0,0,0,0,0,0,0,0,0,0,0,0,0,0,0,0,0,0,0,0,0,0,0,0,0
0,0,0,0,0,0,0,0,0,0,0,0,0,0,0,0,0,0,0,0,0,0,0,0,0,0,0,0,0,0,0,0,0,0,0,0,0,0,0,0,0,0,0,0,0,0,0,0
0,0,0,0,0,0,0,0,0,0,0,0,0,0,0,0,0,0,0,0,0,0,0,0,0,0,0,0,0,0,0,0,0,0,0,0,0,0,0,0,0,0,0,0,0,0,0,0
0,0,0,0,0,0,0,0,0,0,0,0,0,0,0,0,0,0,0,0,0,0,0,0,0,0,0,0,0,0,0,0,0,0,0,0,0,0,0,0,0,0,0,0,0,0,0,0
0,0,0,0,0,0,0,0,0,0,0,0,0,0,0,0,0,0,0,0,0,0,0,0,0,0,0,0,0,0,0,0,0,0,0,0,0,0,0,0,0,0,0,0,0,0,0,0
0,0,0,0,0,0,0,0,0,0,0,0,0,0,0,0,0,0,0,0,0,0,0,0,0,0,0,0,0,0,0,0,0,0,0,0,0,0,0,0,0,0,0,0,0,0,0,0
0,0,0,0,0,0,0,0,0,0,0,0,0,0,0,0,0,0,0,0,0,0,0,0,0,0,0,0,0,0,0,0,0,0,1,0,0,0,0,0,0,0,0,0,0,0,0,0
0,0,0,0,0,0,0,0,0,0,0,0,0,0,0,0,0,0,0,0,0,0,0,0,0,0,0,0,0,0,0,0,0,0,0,0,0,0,0,0,0,0,0,0,0,0,0,0
0,0,0,0,0,0,0,0,0,0,0,0,0,0,0,0,0,0,0,0,0,0,0,0,0,0,0,0.0021491,0,0,0,0,0,0,0,0,0,0,0,0,0,0,0,0,0,0,0,0
0,0,0,0,0,0,0,0,0,0,0,0,0,0,0,0,0,0,0,0,0,0,0,0,0,0,0,0.0018382,0.0032862,0,0,0,0,0,0,0,0,0,0,0,0,0,0,0,0,0,0,0
0,0,0,0,0,0,0,0,0,0.00052666,0.00079061,0.0011149,0.0014771,0.0018382,0.0021491,0.0023603,0.0024352,0.0023603,0.0021491,0.0018382,0.0014771,0.0011149,0.00079061,0.00052666,0,0,0,0.0014771,0.0030079,0.0043138,0.0058162,0,0,0,0,0,0,0,0,0,0,0,0,0,0,0,0,0
0.00052666,0.00079061,0.0011149,0.0014771,0.0018382,0.0021491,0.0023603,0.0024352,0.0023603,0.0029397,0.0030251,0.0031508,0.0033323,0.0035501,0.0037528,0.0035433,0.0036557,0.0035433,0.0032262,0.0027595,0.0022173,0.0016737,0.0011868,0.00079061,0,0,0,0.0011149,0.0027887,0.004034,0.0054872,0.0091675,0.011667,0,0,0,0,0,0,0,0,0,0,0,0,0,0,0
0.00079061,0.0011868,0.0016737,0.0022173,0.0027595,0.0032262,0.0035433,0.0036557,0.0035433,0.0043411,0.0044332,0.0045776,0.0048006,0.0050784,0.0053403,0.0049968,0.0051554,0.0049968,0.0045496,0.0038915,0.0031269,0.0023603,0.0016737,0.0011149,0,0,0,0.00079061,0.0026639,0.003891,0.0053442,0.0092623,0.011925,0.014567,0,0,0,0,0,0,0,0,0,0,0,0,0,0
0.0011149,0.0016737,0.0023603,0.0031269,0.0038915,0.0045496,0.0049968,0.0051554,0.0049968,0.0060267,0.0061088,0.0062538,0.0065028,0.0068291,0.0071422,0.0066197,0.0068298,0.0066197,0.0060273,0.0051554,0.0041425,0.0031269,0.0022173,0.0014771,0,0,0,0.00052666,0.0026288,0.0038744,0.0053686,0.0094289,0.012221,0.015017,0.017503,0.01936,0,0,1,0,0,0,0,0,0,0,0,0
0.0014771,0.0022173,0.0031269,0.0041425,0.0051554,0.0060273,0.0066197,0.0068298,0.0066197,0.0078655,0.0079149,0.008034,0.0082823,0.0086333,0.0089781,0.0082383,0.0084999,0.0082383,0.0075011,0.006416,0.0051554,0.0038915,0.0027595,0.0018382,0,0,0,0,0.0021491,0.0032262,0.0045496,0.0083876,0.011044,0.013766,0.016251,0.018176,0.019263,0,0,0,0,0,0,0,0,0,0,0
0.0018382,0.0027595,0.0038915,0.0051554,0.006416,0.0075011,0.0082383,0.0084999,0.0082383,0.0096502,0.0096422,0.0097051,0.0099188,0.010261,0.010608,0.0096316,0.0099373,0.0096316,0.0092963,0.0082917,0.0071422,0.0060267,0.0050644,0.0042982,0.0023603,0.0024352,0.0023603,0.0021491,0.0041985,0.0050203,0.0061117,0.0095594,0.011991,0.014181,0.016606,0.018415,0.019348,0.019263,0.018176,0,0,0,0,0,0,0,0,0
0.0021491,0.0032262,0.0045496,0.0060273,0.0075011,0.0087697,0.0096316,0.0099373,0.0096316,0.01113,0.011044,0.011024,0.011169,0.011465,0.011781,0.010578,0.010914,0.010578,0.010422,0.0094252,0.0082934,0.0072141,0.0063028,0.0055865,0.0035433,0.0036557,0.0035433,0.0032262,0.0051947,0.0058731,0.0068291,0.0098549,0.01205,0.013829,0.016069,0.017677,0.018415,0.018176,0.017,0.015068,0,0,0,0,0,0,0,0
0.0023603,0.0035433,0.0049968,0.0066197,0.0082383,0.0096316,0.010578,0.010914,0.010578,0.012067,0.011894,0.011775,0.011827,0.012043,0.012298,0.010914,0.01126,0.010914,0.011052,0.010174,0.0091901,0.0082823,0.0075473,0.0069849,0.0049968,0.0051554,0.0049968,0.0045496,0.0062518,0.0066702,0.0073571,0.0097705,0.011571,0.012759,0.014721,0.016069,0.016606,0.016251,0.015068,0.013239,0.011024,0.0086987,0,0,0,0,0,0
0.0024352,0.0036557,0.0051554,0.0068298,0.0084999,0.0099373,0.010914,0.01126,0.010914,0.012298,0.012043,0.011827,0.011775,0.011894,0.012067,0.010578,0.010914,0.010578,0.011109,0.010456,0.0097466,0.0091393,0.0086987,0.0083876,0.0066197,0.0068298,0.0066197,0.0060273,0.0073045,0.0073687,0.0076766,0.0093596,0.010652,0.01113,0.012759,0.013829,0.014181,0.013766,0.012657,0.011024,0.0090993,0.0071177,0.0076363,0,0,0,0,0
0.0023603,0.0035433,0.0049968,0.0066197,0.0082383,0.0096316,0.010578,0.010914,0.010578,0.011781,0.011465,0.011169,0.011024,0.011044,0.01113,0.0096316,0.0099373,0.0096316,0.010608,0.010261,0.0099188,0.0097051,0.0096422,0.0096502,0.0082383,0.0084999,0.0082383,0.0075011,0.0082542,0.0079149,0.007783,0.0087055,0.0094411,0.0091748,0.010456,0.011259,0.011465,0.011044,0.010072,0.0086987,0.0071177,0.005519,0.0062046,0.0048999,0.0057365,0,0,0
0.0021491,0.0032262,0.0045496,0.0060273,0.0075011,0.0087697,0.0096316,0.0099373,0.0096316,0.010608,0.010261,0.0099188,0.0097051,0.0096422,0.0096502,0.0082383,0.0084999,0.0082383,0.0096502,0.0096422,0.0097051,0.0099188,0.010261,0.010608,0.0096316,0.0099373,0.0096316,0.0087697,0.0089781,0.0082446,0.0076766,0.0078953,0.0080951,0.0071422,0.0080967,0.008668,0.0087688,0.0083876,0.0075907,0.0065028,0.005276,0.0040555,0.0047923,0.0038744,0.0046821,0.0056821,0.006416,0
0.0018382,0.0027595,0.0038915,0.0051554,0.006416,0.0075011,0.0082383,0.0084999,0.0082383,0.0089781,0.0086333,0.0082823,0.008034,0.0079149,0.0078655,0.0066197,0.0068298,0.0066197,0.0083876,0.0086987,0.0091393,0.0097466,0.010456,0.011109,0.010578,0.010914,0.010578,0.0096316,0.0093533,0.0082934,0.0073571,0.0066702,0.0062518,0.0045496,0.0049968,0.0051554,0.0049968,0.0045496,0.0038915,0.0031269,0.0023603,0.0016737,0.002592,0.002744,0.0039175,0.0052574,0.0066325,0.0078655
0.0033153,0.0036944,0.0042419,0.0049331,0.0056821,0.0060273,0.0066197,0.0068298,0.0066197,0.0071422,0.0068291,0.0065028,0.0062538,0.0061088,0.0060267,0.0049968,0.0051554,0.0049968,0.0069849,0.0075473,0.0082823,0.0091901,0.010174,0.011052,0.010914,0.01126,0.010914,0.0099373,0.0092905,0.0080167,0.0068291,0.0058731,0.0051947,0.0032262,0.0035433,0.0036557,0.0035433,0.0032262,0.0027595,0.0022173,0.0016737,0.0011868,0.0019055,0.0024643,0.0035472,0.0048006,0.0061088,0.0073091
0.0038744,0.003891,0.004034,0.0043138,0.0046821,0.0045496,0.0049968,0.0051554,0.0049968,0.0053403,0.0050784,0.0048006,0.0045776,0.0044332,0.0043411,0.0035433,0.0036557,0.0035433,0.0055865,0.0063028,0.0072141,0.0082934,0.0094252,0.010422,0.010578,0.010914,0.010578,0.0096316,0.008765,0.0074103,0.0061117,0.0050203,0.0041985,0.0021491,0.0023603,0.0024352,0.0023603,0.0021491,0.0018382,0.0014771,0.0011149,0.00079061,0.0013173,0.0023018,0.0033474,0.0045776,0.0058864,0.0071177
0.0046821,0.0043138,0.004034,0.003891,0.0038744,0.0032262,0.0035433,0.0036557,0.0035433,0.0037528,0.0035501,0.0033323,0.0031508,0.0030251,0.0029397,0.0023603,0.0024352,0.0023603,0.0042982,0.0050644,0.0060267,0.0071422,0.0082917,0.0092963,0.0096316,0.0099373,0.0096316,0.0087697,0.0075011,0.0060273,0.0045496,0.0032262,0.0021491,0,0,0,0,0,0,0,0,0,0.00052666,0.0022677,0.0033323,0.004604,0.0059807,0.0073045
0.0056821,0.0049331,0.0042419,0.0036944,0.0033153,0.0021491,0.0023603,0.0024352,0.0023603,0.0021491,0.0018382,0.0014771,0.0011149,0.00079061,0.00052666,0,0,0,0.0018382,0.0027595,0.0038915,0.0051554,0.006416,0.0075011,0.0082383,0.0084999,0.0082383,0.0075011,0.006416,0.0051554,0.0038915,0.0027595,0.0018382,0,0,0,0,0,0,0,0,0,0,0.0018382,0.0027595,0.0038915,0.0051554,0.006416
0.006416,0.0051554,0.0038915,0.0027595,0.0018382,0,0,0,0,0,0,0,0,0,0,0,0,0,0.0014771,0.0022173,0.0031269,0.0041425,0.0051554,0.0060273,0.0066197,0.0068298,0.0066197,0.0060273,0.0051554,0.0041425,0.0031269,0.0022173,0.0014771,0,0,0,0,0,0,0,0,0,0,0.0021491,0.0032262,0.0045496,0.0060273,0.0075011
