0,0,0,0,0,0,0,0,0,0,0,0,0,0,0,0,0,0,0,0,0,0,0,0,0,0,0,0,0,0,0,0,0,0,0,0,0,0,0,0,0,0,0,0,0,0,0,0
0,0,0,0,0,0,0,0,0,0,0,0,0,0,0,0,0,0,0,0,0,0,0,0,0,0,0,0,0,0,0,0,0,0,0,0,0,0,0,0,0,0,0,0,0,0,0,0
0,0,0,0,0,0,0,0,0,0,0,0,0.00052666,0.00079061,0.0011149,0.0014771,0.0018382,0.0021491,0.0023603,0.0024352,0.0023603,0.0021491,0.0018382,0.0014771,0.0011149,0.00079061,0.00052666,0,0,0,0,0,0,0,0,0,0,0,0,0,0,0,0,0,0,0,0,0
0,0,0,0,0,0,0,0,0,0,0,0,0.00079061,0.0011868,0.0016737,0.0022173,0.0027595,0.0032262,0.0035433,0.0036557,0.0035433,0.0032262,0.0027595,0.0022173,0.0016737,0.0011868,0.00079061,0,0,0,0,0,0,0,0,0,0,0,0,0,0,0,0,0,0,0,0,0
0,0,0,0,0,0,0,0,0,0,0,0,0.0011149,0.0016737,0.0023603,0.0031269,0.0038915,0.0045496,0.0049968,0.0051554,0.0049968,0.0045496,0.0038915,0.0031269,0.0023603,0.0016737,0.0011149,0,0,0,0,0,0,0,0,0,0,0,0,0,0,0,0,0,0,0,0,0
0,0,0,0,0,0,0,0,0,0,0,0,0.0014771,0.0022173,0.0031269,0.0041425,0.0051554,0.0060273,0.0066197,0.0068298,0.0066197,0.0060273,0.0051554,0.0041425,0.0031269,0.0022173,0.0014771,0,0,0,0,0,0,0,0,0,0,0,0,0,0,0,0,0,0,0,0,0
0,0,0,0,0,0,0,0,0,0,0,0,0.0018382,0.0027595,0.0038915,0.0051554,0.006416,0.0075011,0.0082383,0.0084999,0.0082383,0.0075011,0.006416,0.0051554,0.0038915,0.0027595,0.0018382,0,0,0,0,0,0,0,0,0,0,0,0,0,0,0,0,0,0,0,0,0
0,0,0,0,0,0,0,0,0,0,0,0,0.0021491,0.0032262,0.0045496,0.0060273,0.0075011,0.0087697,0.0096316,0.0099373,0.0096316,0.0087697,0.0075011,0.0060273,0.0045496,0.0032262,0.0021491,0,0,0,0,0,0,0,0,0,0,0,0,0,0,0,0,0,0,0,0,0
0.00052666,0.00079061,0.0011149,0.0014771,0.0018382,0.0021491,0.0023603,0.0024352,0.0023603,0.0021491,0.0018382,0.0014771,0.0034753,0.0043339,0.0055235,0.0066197,0.0082383,0.0096316,0.010578,0.010914,0.010578,0.0096316,0.0082383,0.0066197,0.0049968,0.0035433,0.0023603,0,0,0,0,0,0,0,0,0,0,0,0,0,0,0,0,0,0,0,0,0
0.00079061,0.0011868,0.0016737,0.0022173,0.0027595,0.0032262,0.0035433,0.0036557,0.0035433,0.0032262,0.0027595,0.0022173,0.004109,0.0048426,0.005946,0.0068298,0.0084999,0.0099373,0.010914,0.01126,0.010914,0.0099373,0.0084999,0.0068298,0.0051554,0.0036557,0.0024352,0,0,0,0,0,0,0,0,0,0,0,0,0,0,0,0,0,0,0,0,0
0.0011149,0.0016737,0.0023603,0.0031269,0.0038915,0.0045496,0.0049968,0.0051554,0.0049968,0.0045496,0.0038915,0.0031269,0.0047206,0.005217,0.0061117,0.0066197,0.0082383,0.0096316,0.010578,0.010914,0.010578,0.0096316,0.0082383,0.0066197,0.0049968,0.0035433,0.0023603,0,0,0,0,0,0,0,0,0,0,0,0,0,0,0,0,0,0,0,0,0
0.0014771,0.0022173,0.0031269,0.0041425,0.0051554,0.0060273,0.0066197,0.0068298,0.0066197,0.0060273,0.0051554,0.0041425,0.005276,0.0054435,0.0060267,0.0060273,0.0075011,0.0087697,0.0096316,0.0099373,0.0096316,0.0087697,0.0075011,0.0060273,0.0045496,0.0032262,0.0021491,0,0,0,0,0,0,0,0,0,0,0,0,0,0,0,0,0,0,0,0,0
0.0018382,0.0027595,0.0038915,0.0051554,0.006416,0.0075011,0.0082383,0.0084999,0.0082383,0.0075011,0.006416,0.0051554,0.0057297,0.005519,0.0057297,0.0051554,0.006416,0.0075011,0.0082383,0.0084999,0.0082383,0.0075011,0.006416,0.0051554,0.0038915,0.0027595,0.0018382,0,0,0,0,0,0,0,0,0,0,0,0,0,0,0,0,0,0,0,0,0
0.0021491,0.0032262,0.0045496,0.0060273,0.0075011,0.0087697,0.0096316,0.0099373,0.0096316,0.0087697,0.0075011,0.0060273,0.0060267,0.0054435,0.005276,0.0041425,0.0051554,0.0060273,0.0066197,0.0068298,0.0066197,0.0060273,0.0051554,0.0041425,0.0031269,0.0022173,0.0014771,0,0,0,0,0,0,0,0,0,0,0,0,0,0,0,0,0,0,0,0,0
0.0023603,0.0035433,0.0049968,0.0066197,0.0082383,0.0096316,0.010578,0.010914,0.010578,0.0096316,0.0082383,0.0066197,0.0061117,0.005217,0.0047206,0.0031269,0.0038915,0.0045496,0.0049968,0.0051554,0.0055235,0.0053403,0.0050065,0.004604,0.0041985,0.0038228,0.0034753,0.0024352,0.0023603,0.0021491,0.0018382,0.0014771,0.0011149,0.00079061,0.00052666,0,0,0,0,0,0,0,0,0,0,0,0,0
0.0024352,0.0036557,0.0051554,0.0073565,0.0092905,0.011052,0.012391,0.013099,0.013063,0.012298,0.010935,0.0091901,0.0080951,0.0066808,0.005586,0.0033323,0.0035501,0.0037528,0.0035433,0.0036557,0.0043339,0.004413,0.0044332,0.0044346,0.0044332,0.004413,0.0043339,0.0036557,0.0035433,0.0032262,0.0027595,0.0022173,0.0016737,0.0011868,0.00079061,0,0,0,0,0,0,0,0,0,0,0,0,0
0.0023603,0.0035433,0.0049968,0.0074103,0.0094252,0.011305,0.012796,0.013674,0.013804,0.013175,0.011894,0.010163,0.0087496,0.0070934,0.0056926,0.0031508,0.0030251,0.0029397,0.0023603,0.0024352,0.0034753,0.0038228,0.0041985,0.004604,0.0050065,0.0053403,0.0055235,0.0051554,0.0049968,0.0045496,0.0038915,0.0031269,0.0023603,0.0016737,0.0011149,0,0,0,0,0,0,0,0,0,0,0,0,0
0.0021491,0.0032262,0.0045496,0.0071422,0.0091748,0.01113,0.012759,0.013829,0.014181,0.013766,0.012657,0.011024,0.0090993,0.0071177,0.005276,0.0023603,0.0016737,0.0011149,0,0,0.0014771,0.0022173,0.0031269,0.0041425,0.0051554,0.0060273,0.0066197,0.0068298,0.0066197,0.0060273,0.0051554,0.0041425,0.0031269,0.0022173,0.0014771,0,0,0,0,0,0,0,0,0,0,0,0,0
0.0018382,0.0032862,0.0046821,0.0077474,0.01011,0.012466,0.01453,0.016016,0.016701,0.016481,0.015395,0.013613,0.011396,0.0090299,0.0067713,0.0036536,0.0022173,0.0014771,0,0,0.0018382,0.0027595,0.0038915,0.0051554,0.006416,0.0075011,0.0082383,0.0084999,0.0082383,0.0075011,0.006416,0.0051554,0.0038915,0.0027595,0.0018382,0,0,0,0,0,0,0,0,0,0,0,0,0
0.0014771,0.0030079,0.0043138,0.0076544,0.010132,0.012678,0.015001,0.016789,0.017777,0.017809,0.016881,0.01514,0.012845,0.010307,0.0078193,0.0052088,0.0035501,0.0029532,0.0014771,0.0018382,0.0042982,0.0055865,0.0069849,0.0083876,0.0096502,0.010608,0.011109,0.011052,0.010422,0.0092963,0.0075011,0.0060273,0.0045496,0.0032262,0.0021491,0,0,0,0,0,0,0,0,0,0,0,0,0
0.0011149,0.0027887,0.004034,0.0076363,0.010245,0.012991,0.015574,0.017653,0.018922,0.019178,0.018378,0.01665,0.014257,0.011535,0.008816,0.0064552,0.004413,0.0038228,0.0022173,0.0027595,0.0055865,0.0070865,0.0086525,0.010163,0.011465,0.012391,0.012796,0.012588,0.011765,0.010422,0.0082383,0.0066197,0.0049968,0.0035433,0.0023603,0,0,0,0,0,0,0,0,0,0,0,0,0
0.00079061,0.0026639,0.003891,0.0077046,0.010445,0.013378,0.01619,0.018514,0.020005,0.020424,0.019701,0.017951,0.015448,0.012552,0.0096276,0.0075888,0.005217,0.0047206,0.0031269,0.0038915,0.0069849,0.0086525,0.010311,0.011827,0.013049,0.013829,0.014041,0.013621,0.012588,0.011052,0.0084999,0.0068298,0.0051554,0.0036557,0.0024352,0,0,0,0,0,0,0,0,0,0,0,0,0
0.00052666,0.0026288,0.0038744,0.0078038,0.010649,0.013721,0.016691,0.019173,0.020798,0.021301,0.0206,0.018807,0.016208,0.013182,0.010116,0.0084707,0.0058731,0.0055622,0.0041425,0.0051554,0.0083876,0.010163,0.011827,0.013239,0.014266,0.014787,0.014721,0.014041,0.012796,0.011109,0.0082383,0.0066197,0.0049968,0.0035433,0.0023603,0,0,0,0,0,0,0,0,0,0,0,0,0.00052666
0,0.0021491,0.0032262,0.00691,0.0095706,0.012498,0.015389,0.01787,0.019569,0.02021,0.019684,0.018079,0.015659,0.012788,0.0098459,0.0089841,0.0063028,0.0062518,0.0051554,0.006416,0.0096502,0.011465,0.013049,0.014266,0.015002,0.015186,0.014787,0.013829,0.012391,0.010608,0.0075011,0.0060273,0.0045496,0.0032262,0.0021491,0,0,0,0,0,0,0,0,0,0,0,0,0.00079061
0.0021491,0.0041985,0.0050203,0.0082608,0.010636,0.013315,0.015659,0.018079,0.019684,0.02021,0.019569,0.01787,0.015389,0.012498,0.0095706,0.0090591,0.0064524,0.0066987,0.0060273,0.0075011,0.010608,0.012391,0.013829,0.014787,0.015186,0.015002,0.014266,0.013049,0.011465,0.0096502,0.006416,0.0051554,0.0038915,0.0027595,0.0018382,0,0,0,0,0,0,0,0,0,0,0,0,0.0011149
0.0032262,0.0051947,0.0058731,0.0086674,0.010776,0.013182,0.015093,0.01733,0.018762,0.019152,0.018437,0.016738,0.014331,0.011571,0.0088112,0.0086871,0.0063028,0.006835,0.0066197,0.0082383,0.011109,0.012796,0.014041,0.014721,0.014787,0.014266,0.013239,0.011827,0.010163,0.0083876,0.0051554,0.0041425,0.0031269,0.0022173,0.0014771,0,0,0,0,0,0,0,0,0,0,0,0,0.0014771
0.0045496,0.0062518,0.0066702,0.0088342,0.010511,0.01248,0.013774,0.015734,0.016941,0.017198,0.016461,0.014858,0.012647,0.010152,0.0076858,0.0079225,0.0058731,0.0066325,0.0068298,0.0084999,0.011052,0.012588,0.013621,0.014041,0.013829,0.013049,0.011827,0.010311,0.0086525,0.0069849,0.0038915,0.0031269,0.0023603,0.0016737,0.0011149,0,0,0,0,0,0,0,0,0,0,0,0,0.0018382
0.0060273,0.0073045,0.0073687,0.0087915,0.0099183,0.011338,0.011897,0.013523,0.014487,0.014628,0.013925,0.012498,0.010577,0.0084412,0.0063531,0.0068697,0.005217,0.0061117,0.0066197,0.0082383,0.010422,0.011765,0.012588,0.012796,0.012391,0.011465,0.010163,0.0086525,0.0070865,0.0055865,0.0027595,0.0022173,0.0016737,0.0011868,0.00079061,0,0,0,0,0,0,0,0,0,0,0,0,0.0021491
0.0075011,0.0082542,0.0079149,0.0085736,0.0091018,0.009928,0.0097184,0.010998,0.011726,0.011782,0.011157,0.0099593,0.0083816,0.006651,0.0049768,0.005661,0.004413,0.0053403,0.0060273,0.0075011,0.0092963,0.010422,0.011052,0.011109,0.010608,0.0096502,0.0083876,0.0069849,0.0055865,0.0042982,0.0018382,0.0014771,0.0011149,0.00079061,0.00052666,0,0,0,0,0,0,0,0,0,0,0,0,0.0023603
0.0087697,0.0089781,0.0082446,0.0082032,0.0081593,0.0084195,0.0075044,0.0084579,0.0089789,0.00898,0.0084625,0.0075157,0.0062916,0.0049651,0.0036944,0.0044302,0.0040768,0.0052088,0.0062704,0.0078931,0.0093393,0.010387,0.01086,0.010674,0.0098614,0.0085651,0.0069936,0.0053686,0.0038744,0.0026288,0.00052666,0,0,0,0,0,0,0,0,0,0,0,0,0,0,0,0,0.0024352
0.0096316,0.0093533,0.0082934,0.0073571,0.0066702,0.0062518,0.0045496,0.0049968,0.0051554,0.0049968,0.0045496,0.0038915,0.0031269,0.0023603,0.0016737,0.002592,0.0030079,0.0043138,0.0058162,0.0073727,0.0087868,0.0098459,0.010373,0.010275,0.0095706,0.0083816,0.006902,0.0053442,0.003891,0.0026639,0.00079061,0,0,0,0,0,0,0,0,0,0,0,0,0,0,0,0,0.0023603
0.0099373,0.0092905,0.0080167,0.0068291,0.0058731,0.0051947,0.0032262,0.0035433,0.0036557,0.0035433,0.0032262,0.0027595,0.0022173,0.0016737,0.0011868,0.0019055,0.0027887,0.004034,0.0054872,0.0070184,0.0084412,0.0095465,0.010152,0.010152,0.0095465,0.0084412,0.0070184,0.0054872,0.004034,0.0027887,0.0011149,0,0,0,0,0,0,0,0,0,0,0,0,0,0,0,0,0.0021491
