0,0,0.00079061,0.0011868,0.0016737,0.0022173,0.0027595,0.0032262,0.0035433,0.0036557,0.0035433,0.0032262,0.0027595,0.0022173,0.0016737,0.0011868,0.00079061,0,0,0,0,0,0,0,0,0,0,0,0,0,0,0,0,0,0,0,0,0,0,0,0,0,0,0,0,0,0,0
0,0,0.0011149,0.0016737,0.0023603,0.0031269,0.0038915,0.0045496,0.0049968,0.0051554,0.0049968,0.0045496,0.0038915,0.0031269,0.0023603,0.0016737,0.0011149,0,0,0,0,0,0,0,0,0,0,0,0,0,0,0,0,0,0,0,0,0,0,0,0,0,0,0,0,0,0,0
0,0,0.0014771,0.0022173,0.0031269,0.0041425,0.0051554,0.0060273,0.0066197,0.0068298,0.0066197,0.0060273,0.0051554,0.0041425,0.0031269,0.0022173,0.0014771,0,0,0,0,0,0,0,0,0,0,0,0,0,0,0,0,0,0,0,0,0,0,0,0,0,0,0,0,0,0,0
0,0,0.0018382,0.0027595,0.0038915,0.0051554,0.006416,0.0075011,0.0082383,0.0084999,0.0082383,0.0075011,0.006416,0.0051554,0.0038915,0.0027595,0.0018382,0,0,0,0,0,0,0,0,0,0,0,0,0,0,0,0,0,0,0,0,0,0,0,0,0,0,0,0,0,0,0
0.0023603,0.0021491,0.0039873,0.0047032,0.0056646,0.0068179,0.0080278,0.0087697,0.0096316,0.0099373,0.0096316,0.0087697,0.0075011,0.0060273,0.0045496,0.0032262,0.0021491,0,0,0,0,0,0,0,0,0,0,0,0,0,0,0,0,0,0,0,0,0,0,0,0,0,0,0,0,0,0,0
0.0056924,0.0055865,0.0075551,0.0081209,0.0088196,0.0096448,0.010506,0.010747,0.011369,0.011441,0.010578,0.0096316,0.0082383,0.0066197,0.0049968,0.0035433,0.0023603,0,0,0,0,0,0,0,0,0,0,0,0,0,0,0,0,0,0,0,0,0,0,0,0,0,0,0,0,0,0,0
0.008223,0.0080929,0.0099825,0.010326,0.010742,0.011263,0.011832,0.011611,0.012101,0.012051,0.010914,0.0099373,0.0084999,0.0068298,0.0051554,0.0036557,0.0024352,0,0,0,0,0,0,0,0,0,0,0,0,0,0,0,0,0,0,0,0,0,0,0,0,0,0,0,0,0,0,0
0.011169,0.011024,0.012671,0.012683,0.012673,0.012729,0.012842,0.011992,0.012252,0.012029,0.010578,0.0096316,0.0082383,0.0066197,0.0049968,0.0035433,0.0023603,0,0,0,0,0,0,0,0,0,0,0,0,0,0,0,0,0,0,0,0,0,0,0,0,0,0,0,0,0,0,0
0.014266,0.014121,0.015395,0.015001,0.014468,0.013942,0.013482,0.011897,0.011849,0.011414,0.0096316,0.0087697,0.0075011,0.0060273,0.0045496,0.0032262,0.0021491,0,0,0,0,0,0,0,0,0,0,0,0,0,0,0,0,0,0,0,0,0,0,0,0,0,0,0,0,0,0,0
0.017133,0.017008,0.017839,0.017025,0.015942,0.014798,0.013721,0.011393,0.010998,0.010338,0.0082383,0.0075011,0.006416,0.0051554,0.0038915,0.0027595,0.0018382,0,0,0,0,0,0,0,0,0,0,0,0,0,0,0,0,0,0,0,0,0,0,0,0,0,0,0,0,0,0,0
0.019348,0.019263,0.019653,0.018469,0.016893,0.015187,0.013543,0.010577,0.0098459,0.0089789,0.0066197,0.0060273,0.0051554,0.0041425,0.0031269,0.0022173,0.0014771,0,0,0,0,0,0,0,0,0,0,0,0,0,0,0,0,0,0,0,0,0,0,0,0,0,0,0,0,0,0,0
0.020546,0.020516,0.020529,0.019082,0.017147,0.015021,0.012946,0.0095465,0.0085401,0.0075157,0.0055235,0.0053403,0.0050065,0.004604,0.0041985,0.0038228,0.0034753,0.0024352,0.0023603,0.0021491,0.0018382,0.0014771,0.0011149,0.00079061,0.00052666,0,0,0,0,0,0,0,0,0,0,0,0,0,0,0,0,0,0,0,0,0,0,0
0.020516,0.020546,0.020289,0.018721,0.016608,0.01426,0.01195,0.0083816,0.007199,0.006091,0.0043339,0.004413,0.0044332,0.0044346,0.0044332,0.004413,0.0043339,0.0036557,0.0035433,0.0032262,0.0027595,0.0022173,0.0016737,0.0011868,0.00079061,0,0,0,0,0,0,0,0,0,0,0,0,0,0,0,0,0,0,0,0,0,0,0
0.021624,0.021497,0.02078,0.018873,0.016411,0.013732,0.011134,0.0071459,0.0059036,0.0047956,0.0034753,0.0038228,0.0041985,0.004604,0.0050065,0.0053403,0.0055235,0.0051554,0.0049968,0.0045496,0.0038915,0.0031269,0.0023603,0.0016737,0.0011149,0,0,0,0,0,0,0,0,0,0,0,0,0,0,0,0,0,0,0,0,0,0,0
0.020551,0.020359,0.019113,0.017004,0.014335,0.011447,0.0086561,0.0045496,0.0032262,0.0021491,0.0014771,0.0022173,0.0031269,0.0041425,0.0051554,0.0060273,0.0066197,0.0068298,0.0066197,0.0060273,0.0051554,0.0041425,0.0031269,0.0022173,0.0014771,0,0,0,0,0,0,0,0,0,0,0,0,0,0,0,0,0,0,0,0,0,0,0
0.019118,0.018815,0.017547,0.015508,0.012988,0.010307,0.0077474,0.0038915,0.0027595,0.0018382,0.0018382,0.0027595,0.0038915,0.0051554,0.006416,0.0075011,0.0082383,0.0084999,0.0082383,0.0075011,0.006416,0.0051554,0.0038915,0.0027595,0.0018382,0,0,0,0,0,0,0,0,0,0,0,0,0,0,0,0,0,0,0,0,0,0,0
0.019121,0.018312,0.016667,0.014416,0.012041,0.0098371,0.0078494,0.004604,0.0040555,0.0036262,0.0045094,0.0056614,0.00691,0.0081764,0.0093393,0.010247,0.010747,0.010728,0.010158,0.0087697,0.0075011,0.0060273,0.0045496,0.0032262,0.0021491,0,0,0,0,0,0,0,0,0,0,0,0,0,0,0,0,0,0,0,0,0,0,0
0.018549,0.017398,0.015518,0.01316,0.010905,0.0090247,0.0074295,0.0045776,0.0044332,0.0043411,0.0059036,0.007199,0.0085401,0.0098459,0.010998,0.011849,0.012252,0.012101,0.011369,0.0096316,0.0082383,0.0066197,0.0049968,0.0035433,0.0023603,0,0,0,0,0,0,0,0,0,0,0,0,0,0,0,0,0,0,0,0,0,0,0
0.018345,0.016822,0.014669,0.012163,0.010006,0.00845,0.0072534,0.0048006,0.0050784,0.0053403,0.0074321,0.0088112,0.010152,0.011379,0.012391,0.013064,0.013274,0.012934,0.012029,0.0099373,0.0084999,0.0068298,0.0051554,0.0036557,0.0024352,0,0,0,0,0,0,0,0,0,0,0,0,0,0,0,0,0,0,0,0,0,0,0
0.01687,0.015119,0.012891,0.010457,0.008623,0.0075988,0.0069643,0.0052574,0.005946,0.006554,0.00898,0.010373,0.011617,0.012647,0.013394,0.013774,0.013705,0.013131,0.012055,0.0096316,0.0082383,0.0066197,0.0049968,0.0035433,0.0023603,0,0,0,0,0,0,0,0,0,0,0,0,0,0.00052666,0.00079061,0.0011149,0.0014771,0.0018382,0.0021491,0.0023603,0.0024352,0.0023603,0.0021491
0.016069,0.013829,0.011259,0.008668,0.0069936,0.0064152,0.0063268,0.0051554,0.006416,0.0075011,0.010387,0.011726,0.012788,0.013528,0.013917,0.013925,0.013523,0.012697,0.01147,0.0087697,0.0075011,0.0060273,0.0045496,0.0032262,0.0021491,0,0,0,0,0,0,0,0,0,0,0,0,0,0.00079061,0.0011868,0.0016737,0.0022173,0.0027595,0.0032262,0.0035433,0.0036557,0.0035433,0.0032262
0.016606,0.014181,0.011465,0.0087688,0.0071459,0.0067694,0.00691,0.0060273,0.0075011,0.0087697,0.01147,0.012697,0.013523,0.013925,0.013917,0.013528,0.012788,0.011726,0.010387,0.0075011,0.006416,0.0051554,0.0038915,0.0027595,0.0018382,0,0,0,0,0,0,0,0,0,0,0,0,0,0.0011149,0.0016737,0.0023603,0.0031269,0.0038915,0.0045496,0.0049968,0.0051554,0.0049968,0.0045496
0.016251,0.013766,0.011044,0.0083876,0.00691,0.0067694,0.0071459,0.0066197,0.0082383,0.0096316,0.012055,0.013131,0.013705,0.013774,0.013394,0.012647,0.011617,0.010373,0.00898,0.0060273,0.0051554,0.0041425,0.0031269,0.0022173,0.0014771,0,0,0,0,0,0,0,0,0,0,0,0,0,0.0014771,0.0022173,0.0031269,0.0041425,0.0051554,0.0060273,0.0066197,0.0068298,0.0066197,0.0060273
0.015068,0.012657,0.010072,0.0075907,0.0063268,0.0064152,0.0069936,0.0068298,0.0084999,0.0099373,0.012029,0.012934,0.013274,0.013064,0.012391,0.011379,0.010152,0.0088112,0.0074321,0.0045496,0.0038915,0.0031269,0.0023603,0.0016737,0.0011149,0,0,0,0,0,0,0,0,0,0,0,0,0,0.0018382,0.0027595,0.0038915,0.0051554,0.006416,0.0075011,0.0082383,0.0084999,0.0082383,0.0075011
0.013239,0.011024,0.0086987,0.0065028,0.0054872,0.0057606,0.0064739,0.0066197,0.0082383,0.0096316,0.011369,0.012101,0.012252,0.011849,0.010998,0.0098459,0.0085401,0.007199,0.0059036,0.0032262,0.0027595,0.0022173,0.0016737,0.0011868,0.00079061,0,0,0,0,0,0,0,0,0,0,0,0,0,0.0021491,0.0032262,0.0045496,0.0060273,0.0075011,0.0087697,0.0096316,0.0099373,0.0096316,0.0087697
0.011024,0.0090993,0.0071177,0.005276,0.0045094,0.0048999,0.0056646,0.0060273,0.0080278,0.0095603,0.011273,0.012205,0.012585,0.012396,0.0117,0.010612,0.0092703,0.0078105,0.0063476,0.0036262,0.0029532,0.0022677,0.0016416,0.00079061,0.00052666,0,0,0,0,0,0,0,0,0,0,0,0,0,0.0023603,0.0035433,0.0049968,0.0066197,0.0082383,0.0096316,0.010578,0.010914,0.010578,0.0096316
0.0086987,0.0071177,0.005519,0.0040555,0.0035119,0.0039463,0.0046821,0.0051554,0.0072066,0.0086879,0.0099121,0.010717,0.010998,0.010727,0.0099593,0.0088112,0.0074348,0.0059857,0.0045977,0.0022173,0.0016737,0.0011868,0.00079061,0,0,0,0,0,0,0,0,0,0,0,0,0,0,0,0.0024352,0.0036557,0.0051554,0.0068298,0.0084999,0.0099373,0.010914,0.01126,0.010914,0.0099373
0.0065028,0.005276,0.0040555,0.0029541,0.002592,0.0030079,0.0036536,0.0041425,0.0062704,0.007701,0.00898,0.0099567,0.010511,0.010577,0.010152,0.0092979,0.0081237,0.006767,0.0053686,0.0031269,0.0023603,0.0016737,0.0011149,0,0,0,0,0,0,0,0,0,0,0,0,0,0,0,0.0023603,0.0035433,0.0049968,0.0066197,0.0082383,0.0096316,0.010578,0.010914,0.010578,0.0096316
0.0031269,0.0023603,0.0016737,0.0011149,0.0011149,0.0016737,0.0023603,0.0031269,0.0053686,0.006767,0.0081237,0.0092979,0.010152,0.010577,0.010511,0.0099567,0.00898,0.007701,0.0062704,0.0041425,0.0031269,0.0022173,0.0014771,0,0,0,0,0,0,0,0,0,0,0,0,0,0,0,0.0021491,0.0032262,0.0045496,0.0060273,0.0075011,0.0087697,0.0096316,0.0099373,0.0096316,0.0087697
0.0022173,0.0016737,0.0011868,0.00079061,0.00079061,0.0011868,0.0016737,0.0022173,0.0045977,0.0059857,0.0074348,0.0088112,0.0099593,0.010727,0.010998,0.010717,0.0099121,0.0086879,0.0072066,0.0051554,0.0038915,0.0027595,0.0018382,0,0,0,0,0,0,0,0,0,0,0,0,0,0,0,0.0018382,0.0027595,0.0038915,0.0051554,0.006416,0.0075011,0.0082383,0.0084999,0.0082383,0.0075011
0.0014771,0.0011149,0.00079061,0.00052666,0.00052666,0.00079061,0.0011149,0.0014771,0.0039873,0.0053753,0.00691,0.0084625,0.0098614,0.010919,0.01147,0.011414,0.010747,0.0095603,0.0080278,0.0060273,0.0045496,0.0032262,0.0021491,0,0,0,0,0,0,0,0,0,0,0,0,0,0,0,0.0014771,0.0022173,0.0031269,0.0041425,0.0051554,0.0060273,0.0066197,0.0068298,0.0066197,0.0060273
0,0,0,0,0,0,0,0,0.0023603,0.0035433,0.0049968,0.0066197,0.0082383,0.0096316,0.010578,0.010914,0.010578,0.0096316,0.0082383,0.0066197,0.0049968,0.0035433,0.0023603,0,0,0,0,0,0,0,0,0,0,0,0,0,0,0,0.0011149,0.0016737,0.0023603,0.0031269,0.0038915,0.0045496,0.0049968,0.0051554,0.0049968,0.0045496
