0,0,0,0,0,0,0.0023603,0.0035433,0.0049968,0.0066197,0.0082383,0.0096316,0.010578,0.010914,0.010578,0.011781,0.011465,0.011169,0.011024,0.012159,0.012804,0.011992,0.013064,0.013523,0.013319,0.012498,0.011183,0.0095465,0.010136,0.0095839,0.0081237,0.010457,0.012129,0.013873,0.014721,0.016069,0.016606,0.016251,0.015068,0.013239,0.011024,0.0086987,0.0065028,0.0054872,0.0057606,0.0064739,0.0066197,0.0082383
0,0,0,0,0,0,0.0021491,0.0032262,0.0045496,0.0060273,0.0075011,0.0087697,0.0096316,0.0099373,0.0096316,0.010608,0.010261,0.0099188,0.0097051,0.011119,0.011868,0.011365,0.012642,0.013394,0.013528,0.013036,0.011985,0.010511,0.010936,0.01022,0.0086921,0.010269,0.011392,0.012607,0.012759,0.013829,0.014181,0.013766,0.012657,0.011024,0.0090993,0.0071177,0.005276,0.0045094,0.0048999,0.0056646,0.0060273,0.0075011
0,0,0,0,0,0,0.0018382,0.0027595,0.0038915,0.0051554,0.006416,0.0075011,0.0082383,0.0084999,0.0082383,0.0089781,0.0086333,0.0082823,0.008034,0.0097531,0.010625,0.010511,0.011985,0.013036,0.013528,0.013394,0.012642,0.011365,0.011557,0.010653,0.0090469,0.0098375,0.010362,0.011013,0.010456,0.011259,0.011465,0.011044,0.010072,0.0086987,0.0071177,0.005519,0.0040555,0.0035119,0.0039463,0.0046821,0.0051554,0.006416
0,0,0,0,0,0,0.0014771,0.0022173,0.0031269,0.0041425,0.0051554,0.0060273,0.0066197,0.0068298,0.0066197,0.0071422,0.0068291,0.0065028,0.0062538,0.0082579,0.0092529,0.0095465,0.011183,0.012498,0.013319,0.013523,0.013064,0.011992,0.01192,0.010833,0.0091542,0.0092188,0.0091722,0.0092913,0.0080967,0.008668,0.0087688,0.0083876,0.0075907,0.0065028,0.005276,0.0040555,0.0029541,0.002592,0.0030079,0.0036536,0.0041425,0.0051554
0,0,0,0,0,0,0.0011149,0.0016737,0.0023603,0.0031269,0.0038915,0.0045496,0.0049968,0.0051554,0.0049968,0.0053403,0.0050784,0.0048006,0.0045776,0.0067935,0.0078844,0.0085401,0.010275,0.011782,0.012858,0.013338,0.013131,0.012252,0.011933,0.010703,0.00898,0.0081237,0.0074348,0.00691,0.0049968,0.0051554,0.0049968,0.0045496,0.0038915,0.0031269,0.0023603,0.0016737,0.0011149,0.0011149,0.0016737,0.0023603,0.0031269,0.0038915
0.0014771,0.0011149,0.00079061,0.00052666,0,0,0.00079061,0.0011868,0.0016737,0.0022173,0.0027595,0.0032262,0.0035433,0.0036557,0.0035433,0.0037528,0.0035501,0.0033323,0.0031508,0.0054603,0.0065955,0.0075157,0.0092651,0.01086,0.012086,0.012752,0.012738,0.012029,0.011519,0.010213,0.0085035,0.0073727,0.0064152,0.0056614,0.0035433,0.0036557,0.0035433,0.0032262,0.0027595,0.0022173,0.0016737,0.0011868,0.00079061,0.00079061,0.0011868,0.0016737,0.0022173,0.0027595
0.0022173,0.0016737,0.0011868,0.00079061,0,0,0.00052666,0.00079061,0.0011149,0.0014771,0.0018382,0.0021491,0.0023603,0.0024352,0.0023603,0.0021491,0.0018382,0.0014771,0.0011149,0.0031509,0.0040699,0.0049968,0.0066197,0.0082383,0.0096316,0.010578,0.010914,0.010578,0.010158,0.009029,0.0077346,0.0064739,0.0053815,0.0045094,0.0023603,0.0024352,0.0023603,0.0021491,0.0018382,0.0014771,0.0011149,0.00079061,0.00052666,0.00052666,0.00079061,0.0011149,0.0014771,0.0018382
0.0031269,0.0023603,0.0016737,0.0011149,0,0,0,0,0,0,0,0,0,0,0,0,0,0,0,0.0021491,0.0032262,0.0045496,0.0060273,0.0075011,0.0087697,0.0096316,0.0099373,0.0096316,0.0087697,0.0075011,0.0060273,0.0045496,0.0032262,0.0021491,0,0,0,0,0,0,0,0,0,0,0,0,0,0
0.0041425,0.0031269,0.0022173,0.0014771,0,0,0,0,0,0,0,0,0,0,0,0,0,0,0,0.0018382,0.0027595,0.0038915,0.0051554,0.006416,0.0075011,0.0082383,0.0084999,0.0082383,0.0075011,0.006416,0.0051554,0.0038915,0.0027595,0.0018382,0,0,0,0,0,0,0,0,0,0,0,0,0,0
0.0051554,0.0038915,0.0027595,0.0018382,0,0,0,0,0,0,0,0,0,0,0,0,0,0,0,0.0014771,0.0022173,0.0031269,0.0041425,0.0051554,0.0060273,0.0066197,0.0068298,0.0066197,0.0060273,0.0056821,0.0049331,0.0042419,0.0036944,0.0033153,0.0021491,0.0023603,0.0024352,0.0023603,0.0021491,0.0018382,0.0014771,0.0011149,0.00079061,0.00052666,0,0,0,0
0.0060273,0.0045496,0.0032262,0.0021491,0,0,0,0,0,0,0,0,0,0,0,0,0,0,0,0.0011149,0.0016737,0.0023603,0.0031269,0.0038915,0.0045496,0.0049968,0.0051554,0.0049968,0.0045496,0.0046821,0.0043138,0.004034,0.003891,0.0038744,0.0032262,0.0035433,0.0036557,0.0035433,0.0032262,0.0027595,0.0022173,0.0016737,0.0011868,0.00079061,0,0,0,0
0.0066197,0.0049968,0.0035433,0.0023603,0,0,0,0,0,0,0,0,0,0,0,0,0,0,0,0.00079061,0.0011868,0.0016737,0.0022173,0.0027595,0.0032262,0.0035433,0.0036557,0.0035433,0.0032262,0.0038744,0.003891,0.004034,0.0043138,0.0046821,0.0045496,0.0049968,0.0056821,0.0057874,0.0056646,0.0053686,0.0049651,0.0045094,0.004034,0.0035502,0.0023603,0.0021491,0.0018382,0.0014771
0.0068298,0.0051554,0.0036557,0.0024352,0,0,0,0,0,0,0,0,0,0,0,0,0,0,0,0.00052666,0.00079061,0.0011149,0.0014771,0.0018382,0.0021491,0.0023603,0.0024352,0.0023603,0.0021491,0.0033153,0.0036944,0.0042419,0.0049331,0.0056821,0.0060273,0.0066197,0.0076204,0.0078065,0.007701,0.0073727,0.006902,0.0063531,0.0057606,0.0051328,0.0035433,0.0032262,0.0027595,0.0022173
0.0066197,0.0049968,0.0035433,0.0023603,0,0,0,0,0,0,0,0,0,0,0,0,0,0,0,0,0,0,0,0,0,0,0,0,0,0.0018382,0.0027595,0.0038915,0.0051554,0.006416,0.0075011,0.0082383,0.0096148,0.0099121,0.0098614,0.0095429,0.0090469,0.0084412,0.0077563,0.0069936,0.0049968,0.0045496,0.0038915,0.0031269
0.0060273,0.0045496,0.0032262,0.0021491,0,0,0,0,0,0,0,0,0,0,0,0,0,0,0,0,0,0,0,0,0,0,0,0,0,0.0021491,0.0032262,0.0045496,0.0060273,0.0075011,0.0087697,0.0096316,0.011414,0.011849,0.011897,0.011644,0.011183,0.010577,0.0098459,0.0089789,0.0066197,0.0060273,0.0051554,0.0041425
0.0051554,0.0038915,0.0027595,0.0018382,0,0,0,0,0,0,0,0,0,0,0,0,0,0,0,0,0,0,0,0,0,0,0,0,0,0.0023603,0.0035433,0.0049968,0.0066197,0.0082383,0.0096316,0.010578,0.012752,0.013338,0.013523,0.013394,0.013036,0.012498,0.011782,0.01086,0.0082383,0.0075011,0.006416,0.0051554
0.0041425,0.0031269,0.0022173,0.0014771,0,0,0,0,0,0,0,0,0,0,0,0,0,0,0,0,0,0,0,0,0,0,0,0,0,0.0024352,0.0036557,0.0051554,0.0068298,0.0084999,0.0099373,0.010914,0.01341,0.01414,0.014487,0.014527,0.014331,0.013925,0.013287,0.012373,0.0096316,0.0087697,0.0075011,0.0060273
0.0031269,0.0023603,0.0016737,0.0011149,0,0,0.00052666,0.00079061,0.0011149,0.0014771,0.0018382,0.0021491,0.0023603,0.0024352,0.002887,0.0029397,0.0029532,0.0029541,0.0029532,0.0029397,0.002887,0.0024352,0.0023603,0.0021491,0.0018382,0.0014771,0.0011149,0.00079061,0.00052666,0.0023603,0.0035433,0.0049968,0.0066197,0.0082383,0.0096316,0.010578,0.013274,0.014122,0.014628,0.014858,0.014858,0.014628,0.014122,0.013274,0.010578,0.0096316,0.0082383,0.0066197
0.0022173,0.0016737,0.0011868,0.00079061,0,0,0.00079061,0.0011868,0.0016737,0.0022173,0.0027595,0.0032262,0.0035433,0.0036557,0.0043339,0.004413,0.0044332,0.0044346,0.0044332,0.004413,0.0043339,0.0036557,0.0035433,0.0032262,0.0027595,0.0022173,0.0016737,0.0011868,0.00079061,0.0021491,0.0032262,0.0045496,0.0060273,0.0075011,0.0087697,0.0096316,0.012373,0.013287,0.013925,0.014331,0.014527,0.014487,0.01414,0.01341,0.010914,0.0099373,0.0084999,0.0068298
0.0014771,0.0011149,0.00079061,0.00052666,0,0,0.0011149,0.0016737,0.0023603,0.0031269,0.0038915,0.0045496,0.0049968,0.0051554,0.0061117,0.0062234,0.0062518,0.0062538,0.0062518,0.0062234,0.0061117,0.0051554,0.0049968,0.0045496,0.0038915,0.0031269,0.0023603,0.0016737,0.0011149,0.0018382,0.0027595,0.0038915,0.0051554,0.006416,0.0075011,0.0082383,0.01086,0.011782,0.012498,0.013036,0.013394,0.013523,0.013338,0.012752,0.010578,0.0096316,0.0082383,0.0066197
0.0024352,0.0023603,0.0021491,0.0018382,0.0014771,0.0011149,0.0022677,0.002744,0.0031269,0.0041425,0.0051554,0.0060273,0.0066197,0.0068298,0.0080967,0.0082446,0.0082823,0.008285,0.0082823,0.0082446,0.0080967,0.0068298,0.0066197,0.0060273,0.0056821,0.0049331,0.0042419,0.0036944,0.0033153,0.0036262,0.0045776,0.0055622,0.0065028,0.0073045,0.0078655,0.0080967,0.010094,0.010636,0.011104,0.011183,0.011644,0.011897,0.011849,0.011414,0.0096316,0.0087697,0.0075011,0.0060273
0.0036557,0.0035433,0.0032262,0.0027595,0.0022173,0.0016737,0.0030251,0.0035501,0.0038915,0.0051554,0.006416,0.0075011,0.0082383,0.0084999,0.010077,0.010261,0.010308,0.010311,0.010308,0.010261,0.010077,0.0084999,0.0082383,0.0075011,0.0072066,0.0063423,0.0055652,0.0049768,0.0045977,0.0043411,0.005217,0.0060161,0.0066702,0.0071177,0.0073091,0.0072141,0.0086674,0.0089432,0.0092318,0.0090469,0.0095429,0.0098614,0.0099121,0.0096148,0.0082383,0.0075011,0.006416,0.0051554
0.0051554,0.0049968,0.0045496,0.0038915,0.0031269,0.0023603,0.0038228,0.0043411,0.0045496,0.0060273,0.0075011,0.0087697,0.0096316,0.0099373,0.011781,0.011996,0.012051,0.012055,0.012051,0.011996,0.011781,0.0099373,0.0096316,0.0087697,0.008616,0.007701,0.00691,0.0063531,0.0060406,0.0053403,0.0061837,0.0068291,0.0072141,0.0073091,0.0071177,0.0066702,0.0074931,0.0074343,0.007468,0.006902,0.0073727,0.007701,0.0078065,0.0076204,0.0066197,0.0060273,0.0051554,0.0041425
0.0068298,0.0066197,0.0060273,0.0051554,0.0041425,0.0031269,0.0045776,0.0050203,0.0049968,0.0066197,0.0082383,0.0096316,0.010578,0.010914,0.012939,0.013175,0.013235,0.013239,0.013235,0.013175,0.012939,0.010914,0.010578,0.0096316,0.0097154,0.008837,0.0081237,0.0076858,0.0075157,0.006554,0.0074103,0.0079448,0.0080967,0.0078655,0.0073045,0.0065028,0.0066771,0.0062514,0.0059865,0.0049651,0.0053686,0.0056646,0.0057874,0.0056821,0.0049968,0.0045496,0.0038915,0.0031269
0.0084999,0.0082383,0.0075011,0.006416,0.0051554,0.0038915,0.0051947,0.005494,0.0051554,0.0068298,0.0084999,0.0099373,0.010914,0.01126,0.013349,0.013593,0.013655,0.01366,0.013655,0.013593,0.013349,0.01126,0.010914,0.0099373,0.010338,0.0095893,0.0090469,0.0088112,0.0088513,0.0075011,0.0082383,0.0084999,0.0082383,0.0075011,0.006416,0.0051554,0.0046821,0.0039463,0.0035119,0.0022173,0.0027595,0.0032262,0.0035433,0.0036557,0.0035433,0.0032262,0.0027595,0.0022173
0.0099373,0.0096316,0.0087697,0.0075011,0.0060273,0.0045496,0.0055865,0.0056924,0.0049968,0.0066197,0.0082383,0.0096316,0.010578,0.010914,0.012939,0.013175,0.013235,0.013239,0.013235,0.013175,0.012939,0.010914,0.010578,0.0096316,0.010387,0.0098459,0.0095465,0.0095706,0.0098614,0.0087697,0.0096316,0.0099373,0.0096316,0.0087697,0.0075011,0.0060273,0.0050763,0.0040168,0.003264,0.0014771,0.0018382,0.0021491,0.0023603,0.0024352,0.0023603,0.0021491,0.0018382,0.0014771
0.010914,0.010578,0.0096316,0.0082383,0.0066197,0.0049968,0.0056924,0.0055865,0.0045496,0.0060273,0.0075011,0.0087697,0.0096316,0.0099373,0.011781,0.011996,0.012051,0.012055,0.012051,0.011996,0.011781,0.0099373,0.0096316,0.0087697,0.0098614,0.0095706,0.0095465,0.0098459,0.010387,0.0096316,0.010578,0.010914,0.010578,0.0096316,0.0082383,0.0066197,0.0049968,0.0035433,0.0023603,0,0,0,0,0,0,0,0,0
0.01126,0.010914,0.0099373,0.0084999,0.0068298,0.0051554,0.005494,0.0051947,0.0038915,0.0051554,0.006416,0.0075011,0.0082383,0.0084999,0.010077,0.010261,0.010308,0.010311,0.010308,0.010261,0.010077,0.0084999,0.0082383,0.0075011,0.0088513,0.0088112,0.0090469,0.0095893,0.010338,0.0099373,0.010914,0.01126,0.010914,0.0099373,0.0084999,0.0068298,0.0051554,0.0036557,0.0024352,0,0,0,0,0,0,0,0,0
0.012752,0.012727,0.011992,0.010674,0.00898,0.0071459,0.0068585,0.0060547,0.0042419,0.0049331,0.0062087,0.0068179,0.0077346,0.0083069,0.009935,0.010394,0.010643,0.01072,0.010643,0.010394,0.009935,0.0083069,0.0077346,0.0068179,0.0080424,0.0076858,0.0081237,0.008837,0.0097154,0.0096316,0.010578,0.010914,0.010578,0.0096316,0.0082383,0.0066197,0.0049968,0.0035433,0.0023603,0,0,0,0,0,0,0,0,0
0.013223,0.012858,0.012313,0.011157,0.0095706,0.0077758,0.0071006,0.0060401,0.004034,0.0043138,0.0054727,0.0057365,0.0066705,0.0073727,0.0088712,0.0094495,0.0097951,0.0099096,0.0097951,0.0094495,0.0088712,0.0073727,0.0066705,0.0057365,0.0068312,0.0063531,0.00691,0.007701,0.008616,0.0087697,0.0096316,0.0099373,0.0096316,0.0087697,0.0075011,0.0060273,0.0045496,0.0032262,0.0021491,0,0,0,0,0,0,0,0,0
0.014297,0.013579,0.013025,0.011571,0.010152,0.0084412,0.0074416,0.006152,0.004034,0.003891,0.0049894,0.0048999,0.0059036,0.0067827,0.0082254,0.0089627,0.00943,0.0095901,0.00943,0.0089627,0.0082254,0.0067827,0.0059036,0.0048999,0.0057127,0.0049768,0.0055652,0.0063423,0.0072066,0.0075011,0.0082383,0.0084999,0.0082383,0.0075011,0.006416,0.0051554,0.0038915,0.0027595,0.0018382,0,0,0,0,0,0,0,0,0
0.014774,0.013834,0.013438,0.011985,0.010762,0.0091542,0.0078994,0.0064102,0.0042419,0.0036944,0.0047923,0.0043664,0.0054872,0.0065777,0.0080424,0.008967,0.0095729,0.0097839,0.0095729,0.008967,0.0080424,0.0065777,0.0054872,0.0043664,0.0047923,0.0036944,0.0042419,0.0049331,0.0056821,0.0060273,0.0066197,0.0068298,0.0066197,0.0060273,0.0051554,0.0041425,0.0031269,0.0022173,0.0014771,0,0,0,0,0,0,0,0,0
