0,0,0,0.00052666,0.00079061,0.0034753,0.0050203,0.006835,0.0095594,0.011786,0.013741,0.015156,0.015823,0.015643,0.014652,0.013009,0.010954,0.0087496,0.0063028,0.0045776,0.0016737,0.0011868,0.00079061,0.0011149,0.0016737,0.0023603,0.0031269,0.0038915,0.0045496,0.0049968,0.0051554,0.0049968,0.0045496,0.0038915,0.0031269,0.0023603,0.0016737,0.0011149,0,0,0,0,0,0,0,0,0,0
0.0018382,0.0014771,0.0011149,0.0015812,0.0017135,0.0038228,0.0054435,0.0073091,0.0097801,0.011835,0.01354,0.014652,0.015002,0.01454,0.013347,0.01161,0.0095745,0.0074894,0.0050644,0.0036262,0.0011149,0.00079061,0.00052666,0.0014771,0.0022173,0.0031269,0.0041425,0.0051554,0.0060273,0.0066197,0.0068298,0.0066197,0.0060273,0.0051554,0.0041425,0.0031269,0.0022173,0.0014771,0,0,0,0,0,0,0,0,0,0
0.0027595,0.0022173,0.0016737,0.0023018,0.0024643,0.0041985,0.0058864,0.007783,0.0097051,0.011413,0.012657,0.013235,0.013049,0.01213,0.010628,0.0087764,0.0068291,0.0050065,0.0027595,0.0018382,0,0,0,0.0018382,0.0027595,0.0038915,0.0051554,0.006416,0.0075011,0.0082383,0.0084999,0.0082383,0.0075011,0.006416,0.0051554,0.0038915,0.0027595,0.0018382,0,0,0,0,0,0,0,0,0,0
0.0046821,0.0042419,0.0038374,0.004989,0.0054814,0.0069643,0.0087951,0.010643,0.012319,0.013613,0.014334,0.014354,0.013648,0.012302,0.01017,0.008809,0.0071504,0.0057189,0.0036944,0.0033153,0.0021491,0.0023603,0.0024352,0.0045094,0.0053753,0.0063879,0.0075044,0.008616,0.0095603,0.010158,0.0099373,0.0096316,0.0087697,0.0075011,0.0060273,0.0045496,0.0032262,0.0021491,0,0,0,0,0,0,0,0,0,0
0.0063423,0.0058162,0.0053442,0.006815,0.0074627,0.0085497,0.010485,0.01232,0.013854,0.014889,0.015267,0.014909,0.013843,0.012203,0.0097051,0.0085736,0.0070733,0.0058723,0.003891,0.0038744,0.0032262,0.0035433,0.0036557,0.0059036,0.0067694,0.0077563,0.008837,0.0099121,0.010818,0.011369,0.010914,0.010578,0.0096316,0.0082383,0.0066197,0.0049968,0.0035433,0.0023603,0,0,0,0,0,0,0,0,0,0
0.0080897,0.0075157,0.0070184,0.0088001,0.009614,0.010337,0.01237,0.014172,0.015537,0.016283,0.01629,0.015535,0.014099,0.012159,0.0092535,0.0084241,0.0071172,0.0061831,0.0043138,0.0046821,0.0045496,0.0049968,0.0051554,0.0074321,0.0082054,0.0090469,0.0099567,0.01086,0.011611,0.012029,0.01126,0.010914,0.0099373,0.0084999,0.0068298,0.0051554,0.0036557,0.0024352,0,0,0,0,0,0,0,0,0,0
0.0097184,0.0091542,0.0086921,0.010742,0.01172,0.012143,0.01424,0.015973,0.017136,0.017572,0.017206,0.016065,0.014284,0.012076,0.0087688,0.0083121,0.0072376,0.0066022,0.0049331,0.0056821,0.0060273,0.0066197,0.0068298,0.00898,0.0095706,0.010152,0.010762,0.011365,0.011849,0.012055,0.010914,0.010578,0.0096316,0.0082383,0.0066197,0.0049968,0.0035433,0.0023603,0,0,0,0,0,0,0,0,0,0
0.010998,0.010511,0.010152,0.012395,0.013517,0.013394,0.01533,0.016738,0.017438,0.01733,0.016416,0.014806,0.012697,0.010338,0.0068298,0.0069936,0.0064152,0.0063268,0.0051554,0.006416,0.0075011,0.0082383,0.0084999,0.010387,0.010727,0.010966,0.011183,0.011393,0.011529,0.01147,0.0099373,0.0096316,0.0087697,0.0075011,0.0060273,0.0045496,0.0032262,0.0021491,0,0,0,0,0,0,0,0,0,0
0.011726,0.011379,0.011183,0.013517,0.014748,0.014628,0.016557,0.01787,0.018401,0.018079,0.016941,0.015128,0.012858,0.010387,0.0066197,0.0071459,0.0067694,0.00691,0.0060273,0.0075011,0.0087697,0.0096316,0.0099373,0.01147,0.011529,0.011393,0.011183,0.010966,0.010727,0.010387,0.0084999,0.0082383,0.0075011,0.006416,0.0051554,0.0038915,0.0027595,0.0018382,0,0,0,0,0,0,0,0,0,0
0.013931,0.013455,0.013094,0.015046,0.016009,0.015655,0.016941,0.018079,0.018401,0.01787,0.016557,0.014628,0.012313,0.0098614,0.0060273,0.00691,0.0067694,0.0071459,0.0066197,0.0082383,0.0096316,0.010578,0.010914,0.012055,0.011849,0.011892,0.011553,0.011267,0.011048,0.010818,0.0089789,0.00898,0.0084625,0.0075157,0.0062916,0.0049651,0.0036944,0.002592,0.00079061,0.00052666,0,0,0,0,0,0,0,0
0.014383,0.013942,0.013597,0.015238,0.016033,0.015596,0.016416,0.01733,0.017438,0.016738,0.01533,0.013394,0.011157,0.0088513,0.0051554,0.0063268,0.0064152,0.0069936,0.0068298,0.0084999,0.0099373,0.010914,0.01126,0.012029,0.011611,0.011651,0.011144,0.010721,0.010423,0.010192,0.0083816,0.0085401,0.0082054,0.0074348,0.0063531,0.0051198,0.003891,0.0027887,0.0011868,0.00079061,0,0,0,0,0,0,0,0
0.014509,0.014044,0.013638,0.014835,0.015361,0.01482,0.015057,0.015734,0.015659,0.014858,0.01345,0.011617,0.0095706,0.0075157,0.0041425,0.0054872,0.0057606,0.0064739,0.0066197,0.0082383,0.0096316,0.010578,0.010914,0.011369,0.010818,0.011027,0.010511,0.010117,0.0098964,0.0097951,0.0082054,0.0085401,0.0083816,0.0077563,0.006767,0.0055652,0.0043138,0.0031509,0.0016737,0.0011149,0,0,0,0,0,0,0,0
0.014409,0.013848,0.013297,0.01396,0.014138,0.013469,0.013064,0.013523,0.013319,0.012498,0.011183,0.0095465,0.0077758,0.0060406,0.0031269,0.0045094,0.0048999,0.0056646,0.0060273,0.0075011,0.0087697,0.0096316,0.0099373,0.010158,0.0095603,0.010093,0.0097217,0.0095148,0.0095178,0.0096648,0.0084625,0.00898,0.0089789,0.0084579,0.0075044,0.0062704,0.0049331,0.0036536,0.0022173,0.0014771,0,0,0,0,0,0,0,0
0.014152,0.013434,0.012671,0.012772,0.012562,0.01175,0.010717,0.010998,0.010727,0.0099593,0.0088112,0.0074348,0.0059857,0.0045977,0.0022173,0.0035119,0.0039463,0.0046821,0.0051554,0.006416,0.0075011,0.0082383,0.0084999,0.0082383,0.0075011,0.0082542,0.0079149,0.007783,0.0079149,0.0082542,0.0075011,0.0082383,0.0084999,0.0082383,0.0075011,0.006416,0.0051554,0.0038915,0.0027595,0.0018382,0,0,0,0,0,0,0,0
0.013746,0.012845,0.011844,0.011419,0.010835,0.0098837,0.0083069,0.0084579,0.0081764,0.0075157,0.0065777,0.0054872,0.0043664,0.0033153,0.0014771,0.002592,0.0030079,0.0036536,0.0041425,0.0051554,0.0060273,0.0066197,0.0068298,0.0066197,0.0060273,0.0073045,0.0073687,0.0076766,0.0082446,0.0089781,0.0087697,0.0096316,0.0099373,0.0096316,0.0087697,0.0075011,0.0060273,0.0045496,0.0032262,0.0021491,0,0,0,0,0,0,0,0
0.013144,0.012076,0.010862,0.0096789,0.0086196,0.0073571,0.0051554,0.0049968,0.0045496,0.0038915,0.0031269,0.0023603,0.0016737,0.0011149,0,0.0011149,0.0016737,0.0023603,0.0031269,0.0038915,0.0045496,0.0049968,0.0051554,0.0049968,0.0045496,0.0062518,0.0066702,0.0073571,0.0082934,0.0093533,0.0096316,0.010578,0.010914,0.010578,0.0096316,0.0082383,0.0066197,0.0049968,0.0035433,0.0023603,0,0,0,0,0,0,0,0
0.011124,0.010174,0.0090471,0.0079149,0.0068819,0.0059785,0.0036557,0.0035433,0.0032262,0.0027595,0.0022173,0.0016737,0.0011868,0.00079061,0,0.00079061,0.0011868,0.0016737,0.0022173,0.0027595,0.0032262,0.0035433,0.0036557,0.0035433,0.0032262,0.0051947,0.0058731,0.0068291,0.0080167,0.0092905,0.0099373,0.010914,0.01126,0.010914,0.0099373,0.0084999,0.0068298,0.0051554,0.0036557,0.0024352,0,0,0,0,0,0,0,0
0.010422,0.0093533,0.0080967,0.006835,0.0056924,0.0047206,0.0024352,0.0023603,0.0021491,0.0018382,0.0014771,0.0011149,0.00079061,0.00052666,0,0.00052666,0.00079061,0.0011149,0.0014771,0.0018382,0.0021491,0.0023603,0.0024352,0.0023603,0.0021491,0.0041985,0.0050203,0.0061117,0.0074103,0.008765,0.0096316,0.010578,0.010914,0.010578,0.0096316,0.0082383,0.0066197,0.0049968,0.0035433,0.0023603,0,0,0,0,0,0,0,0
0.0087697,0.0075011,0.0060273,0.0045496,0.0037528,0.0029397,0.0011149,0.0014771,0.0018382,0.0021491,0.0023603,0.0024352,0.0023603,0.0021491,0.0018382,0.0014771,0.0011149,0.00079061,0.00052666,0,0,0,0,0,0,0.0021491,0.0032262,0.0045496,0.0060273,0.0075011,0.0087697,0.0096316,0.0099373,0.0096316,0.0087697,0.0075011,0.0060273,0.0045496,0.0032262,0.0021491,0,0,0,0,0,0,0,0
0.0075011,0.006416,0.0051554,0.0038915,0.0035501,0.0030251,0.0016737,0.0022173,0.0027595,0.0032262,0.0035433,0.0036557,0.0035433,0.0032262,0.0027595,0.0022173,0.0016737,0.0011868,0.00079061,0,0,0,0,0,0,0.0018382,0.0027595,0.0038915,0.0051554,0.006416,0.0075011,0.0082383,0.0084999,0.0082383,0.0075011,0.006416,0.0051554,0.0038915,0.0027595,0.0018382,0,0,0,0,0,0,0,0
0.0060273,0.0051554,0.0041425,0.0031269,0.0033323,0.0031508,0.0023603,0.0031269,0.0038915,0.0045496,0.0049968,0.0051554,0.0055235,0.0053403,0.0050065,0.004604,0.0041985,0.0038228,0.0034753,0.0024352,0.0023603,0.0021491,0.0018382,0.0014771,0.0011149,0.0022677,0.002744,0.0031269,0.0041425,0.0051554,0.0060273,0.0066197,0.0068298,0.0071464,0.0068179,0.0062704,0.0056196,0.0049651,0.0043664,0.0038374,0.0024352,0.0023603,0.0021491,0.0018382,0.0014771,0.0011149,0.00079061,0.00052666
0.0045496,0.0038915,0.0031269,0.0023603,0.0031508,0.0033323,0.0031269,0.0041425,0.0051554,0.0060273,0.0066197,0.0068298,0.0074103,0.0072141,0.0068291,0.0063598,0.0058864,0.0054435,0.0050203,0.0036557,0.0035433,0.0032262,0.0027595,0.0022173,0.0016737,0.0023018,0.0024643,0.0023603,0.0031269,0.0038915,0.0045496,0.0049968,0.0051554,0.0057874,0.0057365,0.0055652,0.0053442,0.0051198,0.0048999,0.0046582,0.0036557,0.0035433,0.0032262,0.0027595,0.0022173,0.0016737,0.0011868,0.00079061
0.0032262,0.0027595,0.0022173,0.0016737,0.0030251,0.0035501,0.0038915,0.0051554,0.006416,0.0075011,0.0082383,0.0084999,0.0093533,0.0091748,0.0087764,0.0082823,0.007783,0.0073091,0.006835,0.0051554,0.0049968,0.0045496,0.0038915,0.0031269,0.0023603,0.0024643,0.0023018,0.0016737,0.0022173,0.0027595,0.0032262,0.0035433,0.0036557,0.0046582,0.0048999,0.0051198,0.0053442,0.0055652,0.0057365,0.0057874,0.0051554,0.0049968,0.0045496,0.0038915,0.0031269,0.0023603,0.0016737,0.0011149
0.0021491,0.0018382,0.0014771,0.0011149,0.0029397,0.0037528,0.0045496,0.0060273,0.0075011,0.0087697,0.0096316,0.0099373,0.011109,0.010987,0.010628,0.01017,0.0097051,0.0092535,0.0087688,0.0068298,0.0066197,0.0060273,0.0051554,0.0041425,0.0031269,0.002744,0.0022677,0.0011149,0.0014771,0.0018382,0.0021491,0.0023603,0.0024352,0.0038374,0.0043664,0.0049651,0.0056196,0.0062704,0.0068179,0.0071464,0.0068298,0.0066197,0.0060273,0.0051554,0.0041425,0.0031269,0.0022173,0.0014771
0,0,0,0,0.0023603,0.0035433,0.0049968,0.0066197,0.0082383,0.0096316,0.010578,0.010914,0.012416,0.012391,0.01213,0.011775,0.011413,0.011044,0.010599,0.0084999,0.0082383,0.0075011,0.006416,0.0051554,0.0038915,0.0027595,0.0018382,0,0,0,0,0,0,0.0018382,0.0027595,0.0038915,0.0051554,0.006416,0.0075011,0.0082383,0.0084999,0.0082383,0.0075011,0.006416,0.0051554,0.0038915,0.0027595,0.0018382
0,0,0,0,0.0024352,0.0036557,0.0051554,0.0068298,0.0084999,0.0099373,0.010914,0.01126,0.013063,0.013164,0.013049,0.012857,0.012657,0.012425,0.012067,0.0099373,0.0096316,0.0087697,0.0075011,0.0060273,0.0045496,0.0032262,0.0021491,0,0,0,0,0,0,0.0021491,0.0032262,0.0045496,0.0060273,0.0075011,0.0087697,0.0096316,0.0099373,0.0096316,0.0087697,0.0075011,0.0060273,0.0045496,0.0032262,0.0021491
0,0,0,0,0.0023603,0.0035433,0.0049968,0.0066197,0.0082383,0.0096316,0.010578,0.010914,0.012939,0.013175,0.013235,0.013239,0.013235,0.013175,0.012939,0.010914,0.010578,0.0096316,0.0082383,0.0066197,0.0049968,0.0035433,0.0023603,0,0,0,0,0,0,0.0023603,0.0035433,0.0049968,0.0066197,0.0082383,0.0096316,0.010578,0.010914,0.010578,0.0096316,0.0082383,0.0066197,0.0049968,0.0035433,0.0023603
0.0018382,0.0014771,0.0011149,0.00079061,0.0026758,0.0032262,0.0045496,0.0060273,0.0075011,0.0087697,0.0096316,0.0099373,0.012067,0.012425,0.012657,0.012857,0.013049,0.013164,0.013063,0.01126,0.010914,0.0099373,0.0084999,0.0068298,0.0051554,0.0036557,0.0024352,0,0,0,0,0,0,0.0024352,0.0036557,0.0051554,0.0068298,0.0084999,0.0099373,0.010914,0.01126,0.010914,0.0099373,0.0084999,0.0068298,0.0051554,0.0036557,0.0024352
0.0027595,0.0022173,0.0016737,0.0011868,0.0026288,0.0027595,0.0038915,0.0051554,0.006416,0.0075011,0.0082383,0.0084999,0.010599,0.011044,0.011413,0.011775,0.01213,0.012391,0.012416,0.010914,0.010578,0.0096316,0.0082383,0.0066197,0.0049968,0.0035433,0.0023603,0,0,0,0,0,0,0.0023603,0.0035433,0.0049968,0.0066197,0.0082383,0.0096316,0.010578,0.010914,0.010578,0.0096316,0.0082383,0.0066197,0.0049968,0.0035433,0.0023603
0.0046821,0.0042419,0.0038374,0.0035119,0.0047411,0.0045776,0.0055622,0.0065028,0.0073045,0.0078655,0.0080967,0.0079448,0.0095594,0.0097801,0.0097051,0.01017,0.010628,0.010987,0.011109,0.0099373,0.0096316,0.0087697,0.0075011,0.0060273,0.0045496,0.0032262,0.0021491,0,0,0,0,0,0,0.0021491,0.0032262,0.0045496,0.0060273,0.0075011,0.0087697,0.0096316,0.0099373,0.0096316,0.0087697,0.0075011,0.0060273,0.0045496,0.0032262,0.0021491
0.0063423,0.0058162,0.0053442,0.0049768,0.0058182,0.005217,0.0060161,0.0066702,0.0071177,0.0073091,0.0072141,0.0068291,0.0080219,0.0080998,0.007783,0.0082823,0.0087764,0.0091748,0.0093533,0.0084999,0.0082383,0.0075011,0.006416,0.0051554,0.0038915,0.0027595,0.0018382,0,0,0,0,0,0.00052666,0.0026288,0.0038744,0.0053686,0.0069936,0.0085651,0.0098614,0.010674,0.01086,0.010387,0.0093393,0.0078931,0.0062704,0.0046821,0.0032862,0.0018382
0.0080897,0.0075157,0.0070184,0.006651,0.0071785,0.0061837,0.0068291,0.0072141,0.0073091,0.0071177,0.0066702,0.0060161,0.006694,0.0065584,0.0058864,0.0063598,0.0068291,0.0072141,0.0074103,0.0068298,0.0066197,0.0060273,0.0051554,0.0041425,0.0031269,0.0022173,0.0014771,0,0,0,0,0,0.00079061,0.0026639,0.003891,0.0053442,0.006902,0.0083816,0.0095706,0.010275,0.010373,0.0098459,0.0087868,0.0073727,0.0058162,0.0043138,0.0030079,0.0014771
