0,0,0,0,0,0,0,0,0.0011149,0.0016737,0.0023603,0.0031269,0.0038915,0.0045496,0.0049968,0.0051554,0.0049968,0.0045496,0.0038915,0.0031269,0.0023603,0.0016737,0.0011149,0,0,0,0,0,0,0,0,0,0,0,0,0,0,0,0,0,0,0,0,0,0,0,0,0
0.0011149,0.0014771,0.0018382,0.0021491,0.0023603,0.0024352,0.0023603,0.0021491,0.0033153,0.0036944,0.0042419,0.0049331,0.0056821,0.0060273,0.0066197,0.0068298,0.0066197,0.0060273,0.0051554,0.0041425,0.0031269,0.0022173,0.0014771,0,0,0,0,0,0,0,0,0,0,0,0,0,0,0,0,0,0,0,0,0,0,0,0,0
0.0016737,0.0022173,0.0027595,0.0032262,0.0035433,0.0036557,0.0035433,0.0032262,0.0045977,0.0049768,0.0055652,0.0063423,0.0072066,0.0075011,0.0082383,0.0084999,0.0082383,0.0075011,0.006416,0.0051554,0.0038915,0.0027595,0.0018382,0,0,0,0,0,0,0,0,0,0,0,0,0,0,0,0,0,0,0,0,0,0,0,0,0
0.0023603,0.0031269,0.0038915,0.0045496,0.0049968,0.0051554,0.0049968,0.0045496,0.0060406,0.0063531,0.00691,0.007701,0.008616,0.0087697,0.0096316,0.0099373,0.0096316,0.0087697,0.0075011,0.0060273,0.0045496,0.0032262,0.0021491,0,0,0,0,0,0,0,0,0,0,0,0,0,0,0,0,0,0,0,0,0,0,0,0,0
0.0031269,0.0041425,0.0051554,0.0060273,0.0066197,0.0068298,0.0066197,0.0060273,0.0075157,0.0076858,0.0081237,0.008837,0.0097154,0.0096316,0.010578,0.010914,0.010578,0.0096316,0.0082383,0.0066197,0.0049968,0.0035433,0.0023603,0,0,0,0,0,0,0,0,0,0,0,0,0,0,0,0,0,0,0,0,0,0,0,0,0
0.0038915,0.0051554,0.006416,0.0075011,0.0082383,0.0084999,0.0082383,0.0075011,0.0088513,0.0088112,0.0090469,0.0095893,0.010338,0.0099373,0.010914,0.01126,0.010914,0.0099373,0.0084999,0.0068298,0.0051554,0.0036557,0.0024352,0,0,0,0,0,0,0,0,0,0,0,0,0,0,0,0,0,0,0,0,0,0,0,0,0
0.00691,0.0084625,0.0098614,0.010919,0.01147,0.011414,0.010747,0.0095603,0.010388,0.0095706,0.0095465,0.0098459,0.010387,0.0096316,0.010578,0.010914,0.010578,0.0096316,0.0082383,0.0066197,0.0049968,0.0035433,0.0023603,0,0,0,0,0,0,0,0,0,0,0,0,0,0,0,0,0,0,0,0,0,0,0,0,0
0.0085401,0.010275,0.011782,0.012858,0.013338,0.013131,0.012252,0.010818,0.011178,0.0098459,0.0095465,0.0095706,0.0098614,0.0087697,0.0096316,0.0099373,0.0096316,0.0087697,0.0075011,0.0060273,0.0045496,0.0032262,0.0021491,0,0,0,0,0,0,0,0,0,0,0,0,0,0,0,0,0,0,0,0,0,0,0,0,0
0.010152,0.011985,0.013497,0.014487,0.014806,0.014387,0.013274,0.011611,0.011453,0.0095893,0.0090469,0.0088112,0.0088513,0.0075011,0.0082383,0.0084999,0.0082383,0.0075011,0.006416,0.0051554,0.0038915,0.0027595,0.0018382,0,0,0,0,0,0,0,0,0,0,0,0,0,0,0,0,0,0,0,0,0,0,0,0,0
0.011617,0.01345,0.014858,0.015659,0.015734,0.015057,0.013705,0.011849,0.011192,0.008837,0.0081237,0.0076858,0.0075157,0.0060273,0.0066197,0.0068298,0.0066197,0.0060273,0.0051554,0.0041425,0.0031269,0.0022173,0.0014771,0,0,0,0,0,0,0,0,0,0,0,0,0,0,0,0,0,0,0,0,0,0,0,0,0
0.012788,0.014527,0.015739,0.016271,0.016048,0.015093,0.013523,0.011529,0.010454,0.007701,0.00691,0.0063531,0.0060406,0.0045496,0.0049968,0.0051554,0.0049968,0.0045496,0.0038915,0.0031269,0.0023603,0.0016737,0.0011149,0,0,0,0,0,0,0,0,0,0,0,0,0,0,0,0,0,0,0,0,0,0,0,0,0
0.013523,0.015093,0.016048,0.016271,0.015739,0.014527,0.012788,0.010727,0.0093557,0.0063423,0.0055652,0.0049768,0.0045977,0.0032262,0.0035433,0.0036557,0.0035433,0.0032262,0.0027595,0.0022173,0.0016737,0.0011868,0.00079061,0,0,0,0,0,0,0,0,0,0,0,0,0,0,0,0,0,0,0,0,0,0,0,0,0
0.013705,0.015057,0.015734,0.015659,0.014858,0.01345,0.011617,0.0095706,0.0080424,0.0049331,0.0042419,0.0036944,0.0033153,0.0026758,0.0031509,0.0035502,0.0038374,0.0039873,0.0039873,0.0038374,0.0035502,0.0031509,0.0026758,0.0018382,0.0014771,0.0011149,0.00079061,0.00052666,0,0,0,0,0,0,0,0,0,0,0,0,0,0,0,0,0,0,0,0
0.013274,0.014387,0.014806,0.014487,0.013497,0.011985,0.010152,0.0082054,0.0063268,0.0031269,0.0023603,0.0016737,0.0011149,0.00079061,0.0011868,0.0016737,0.0022173,0.0027595,0.0032262,0.0035433,0.0036557,0.0035433,0.0032262,0.0027595,0.0022173,0.0016737,0.0011868,0.00079061,0,0,0,0,0,0,0,0,0,0,0,0,0,0,0,0,0,0,0,0
0.014687,0.015492,0.015487,0.014696,0.013259,0.01139,0.0093307,0.0072961,0.0051198,0.0022173,0.0016737,0.0011868,0.00079061,0.0011149,0.0016737,0.0023603,0.0031269,0.0038915,0.0045496,0.0049968,0.0051554,0.0049968,0.0045496,0.0038915,0.0031269,0.0023603,0.0016737,0.0011149,0,0,0,0,0,0,0,0,0,0,0,0,0,0,0,0,0,0,0,0
0.014402,0.014958,0.014696,0.013678,0.012079,0.010136,0.0080968,0.0061659,0.0039873,0.0014771,0.0011149,0.00079061,0.00052666,0.0014771,0.0022173,0.0031269,0.0041425,0.0051554,0.0060273,0.0066197,0.0068298,0.0066197,0.0060273,0.0051554,0.0041425,0.0031269,0.0022173,0.0014771,0,0,0,0,0,0,0,0,0,0,0,0,0,0,0,0,0,0,0,0
0.013394,0.013497,0.012788,0.011393,0.0095429,0.0075157,0.0055652,0.0038744,0.0018382,0,0,0,0,0.0018382,0.0027595,0.0038915,0.0051554,0.006416,0.0075011,0.0082383,0.0084999,0.0082383,0.0075011,0.006416,0.0051554,0.0038915,0.0027595,0.0018382,0,0,0,0,0,0,0,0,0,0,0,0,0,0,0,0,0,0,0,0
0.014927,0.014564,0.013438,0.011709,0.0092979,0.0077961,0.0061349,0.0048093,0.0029541,0.0018382,0.0021491,0.0023603,0.0024352,0.0045094,0.0053753,0.0063879,0.0075044,0.008616,0.0095603,0.010158,0.0099373,0.0096316,0.0087697,0.0075011,0.0060273,0.0045496,0.0032262,0.0021491,0,0,0,0,0,0,0,0,0,0,0,0,0,0,0,0,0,0.00082864,0.0011686,0.0015481
0.015714,0.015067,0.013685,0.011756,0.0090469,0.007809,0.0063067,0.0051857,0.0033323,0.0027595,0.0032262,0.0035433,0.0036557,0.0059036,0.0067694,0.0077563,0.008837,0.0099121,0.010818,0.011369,0.010914,0.010578,0.0096316,0.0082383,0.0066197,0.0049968,0.0035433,0.0023603,0,0,0,0,0,0,0,0,0,0,0,0,0,0,0,0,0,0.0012439,0.0017542,0.002324
0.016608,0.015648,0.013987,0.011842,0.0087868,0.0078819,0.0065736,0.0056963,0.0039175,0.0038915,0.0045496,0.0049968,0.0051554,0.0074321,0.0082054,0.0090469,0.0099567,0.01086,0.011611,0.012029,0.01126,0.010914,0.0099373,0.0084999,0.0068298,0.0051554,0.0036557,0.0024352,0,0,0,0,0,0,0,0,0,0,0,0,0,0,0,0,0,0.0017542,0.0024739,0.0032773
0.017417,0.01614,0.014209,0.011864,0.0084579,0.0079509,0.0068755,0.0062779,0.0046692,0.0051554,0.0060273,0.0066197,0.0068298,0.00898,0.0095706,0.010152,0.010762,0.011365,0.011849,0.012055,0.010914,0.010578,0.0096316,0.0082383,0.0066197,0.0049968,0.0035433,0.0023603,0,0,0,0,0,0,0,0,0,0,0,0,0,0,0,0,0,0.002324,0.0032773,0.0043418
0.016416,0.014806,0.012697,0.010338,0.0068298,0.0069936,0.0064152,0.0063268,0.0051554,0.006416,0.0075011,0.0082383,0.0084999,0.010387,0.010727,0.010966,0.011183,0.011393,0.011529,0.01147,0.0099373,0.0096316,0.0087697,0.0075011,0.0060273,0.0045496,0.0032262,0.0021491,0,0,0,0,0,0,0,0,0,0,0,0,0,0,0,0,0,0.0028922,0.0040787,0.0054034
0.016941,0.015128,0.012858,0.010387,0.0066197,0.0071459,0.0067694,0.00691,0.0060273,0.0075011,0.0087697,0.0096316,0.0099373,0.01147,0.011529,0.011393,0.011183,0.010966,0.010727,0.010387,0.0084999,0.0082383,0.0075011,0.006416,0.0051554,0.0038915,0.0027595,0.0018382,0,0,0,0,0,0,0,0,0,0,0,0,0,0,0,0,0,0.0033814,0.0047685,0.0063172
0.016557,0.014628,0.012313,0.0098614,0.0060273,0.00691,0.0067694,0.0071459,0.0066197,0.0082383,0.0096316,0.010578,0.010914,0.012055,0.011849,0.011892,0.011553,0.011267,0.011048,0.010818,0.0089789,0.00898,0.0084625,0.0075157,0.0062916,0.0049651,0.0036944,0.002592,0.00079061,0.00052666,0,0,0,0,0,0,0,0,0,0,0,0,0,0,0,0.0037137,0.0052372,0.0069381
0.01533,0.013394,0.011157,0.0088513,0.0051554,0.0063268,0.0064152,0.0069936,0.0068298,0.0084999,0.0099373,0.010914,0.01126,0.012029,0.011611,0.011651,0.011144,0.010721,0.010423,0.010192,0.0083816,0.0085401,0.0082054,0.0074348,0.0063531,0.0051198,0.003891,0.0027887,0.0011868,0.00079061,0,0,0,0,0,0,0,0,0,0,0,0,0,0,0,0.0038316,0.0054034,0.0071584
0.01345,0.011617,0.0095706,0.0075157,0.0041425,0.0054872,0.0057606,0.0064739,0.0066197,0.0082383,0.0096316,0.010578,0.010914,0.011369,0.010818,0.011027,0.010511,0.010117,0.0098964,0.0097951,0.0082054,0.0085401,0.0083816,0.0077563,0.006767,0.0055652,0.0043138,0.0031509,0.0016737,0.0011149,0,0,0,0,0,0,0,0,0,0,0,0,0,0,0,0.0037137,0.0052372,0.0069381
0.011183,0.0095465,0.0077758,0.0060406,0.0031269,0.0045094,0.0048999,0.0056646,0.0060273,0.0075011,0.0087697,0.0096316,0.0099373,0.010158,0.0095603,0.010093,0.0097217,0.0095148,0.0095178,0.0096648,0.0084625,0.00898,0.0089789,0.0084579,0.0075044,0.0062704,0.0049331,0.0036536,0.0022173,0.0014771,0,0,0,0,0,0,0,0,0,0,0,0,0,0,0,0.0033814,0.0047685,0.0063172
0.0088112,0.0074348,0.0059857,0.0045977,0.0022173,0.0035119,0.0039463,0.0046821,0.0051554,0.006416,0.0075011,0.0082383,0.0084999,0.0082383,0.0075011,0.0082542,0.0079149,0.007783,0.0079149,0.0082542,0.0075011,0.0082383,0.0084999,0.0082383,0.0075011,0.006416,0.0051554,0.0038915,0.0027595,0.0018382,0,0,0,0,0,0,0,0,0,0,0,0,0,0,0,0.0028922,0.0040787,0.0054034
0.0065777,0.0054872,0.0043664,0.0033153,0.0014771,0.002592,0.0030079,0.0036536,0.0041425,0.0051554,0.0060273,0.0066197,0.0068298,0.0066197,0.0060273,0.0073045,0.0073687,0.0076766,0.0082446,0.0089781,0.0087697,0.0096316,0.0099373,0.0096316,0.0087697,0.0075011,0.0060273,0.0045496,0.0032262,0.0021491,0,0,0,0,0,0,0,0,0,0,0,0,0,0,0,0.002324,0.0032773,0.0043418
0.0031269,0.0023603,0.0016737,0.0011149,0,0.0011149,0.0016737,0.0023603,0.0031269,0.0038915,0.0045496,0.0049968,0.0051554,0.0049968,0.0045496,0.0062518,0.0066702,0.0073571,0.0082934,0.0093533,0.0096316,0.010578,0.010914,0.010578,0.0096316,0.0082383,0.0066197,0.0049968,0.0035433,0.0023603,0,0,0,0,0,0,0,0,0,0,0,0,0,0,0,0.0017542,0.0024739,0.0032773
0.0022173,0.0016737,0.0011868,0.00079061,0,0.00079061,0.0011868,0.0016737,0.0022173,0.0027595,0.0032262,0.0035433,0.0036557,0.0035433,0.0032262,0.0051947,0.0058731,0.0068291,0.0080167,0.0092905,0.0099373,0.010914,0.01126,0.010914,0.0099373,0.0084999,0.0068298,0.0051554,0.0036557,0.0024352,0,0,0,0,0,0,0,0,0,0,0,0,0,0,0,0.0012439,0.0017542,0.002324
0.0014771,0.0011149,0.00079061,0.00052666,0,0.00052666,0.00079061,0.0011149,0.0014771,0.0018382,0.0021491,0.0023603,0.0024352,0.0023603,0.0021491,0.0041985,0.0050203,0.0061117,0.0074103,0.008765,0.0096316,0.010578,0.010914,0.010578,0.0096316,0.0082383,0.0066197,0.0049968,0.0035433,0.0023603,0,0,0,0,0,0,0,0,0,0,0,0,0,0,0,0.00082864,0.0011686,0.0015481
