0,0,0,0,0,0,0,0.0018382,0.0027595,0.0038915,0.0051554,0.006416,0.0075011,0.0082383,0.0084999,0.0082383,0.0075011,0.006416,0.0051554,0.0038915,0.0027595,0.0018382,0,0,0,0,0,0,0,0,0.0011149,0.0016737,0.0023603,0.0031269,0.0038915,0.0045496,0.0049968,0.0051554,0.0049968,0.0053403,0.0050784,0.0048006,0.0045776,0.0044332,0.0043411,0.0035433,0.0036557,0.0035433
0,0,0,0,0,0,0,0.0014771,0.0022173,0.0031269,0.0041425,0.0051554,0.0060273,0.0066197,0.0068298,0.0066197,0.0060273,0.0051554,0.0041425,0.0031269,0.0022173,0.0014771,0,0,0,0,0,0,0,0,0.0014771,0.0022173,0.0031269,0.0041425,0.0051554,0.0060273,0.0066197,0.0068298,0.0066197,0.0071422,0.0068291,0.0065028,0.0062538,0.0061088,0.0060267,0.0049968,0.0051554,0.0049968
0.0011149,0.00079061,0.00052666,0,0,0,0,0.0011149,0.0016737,0.0023603,0.0031269,0.0038915,0.0045496,0.0049968,0.0051554,0.0049968,0.0045496,0.0038915,0.0031269,0.0023603,0.0016737,0.0011149,0,0,0,0,0,0,0,0,0.0018382,0.0027595,0.0038915,0.0051554,0.006416,0.0075011,0.0082383,0.0084999,0.0082383,0.0089781,0.0086333,0.0082823,0.008034,0.0079149,0.0078655,0.0066197,0.0068298,0.0066197
0.0016737,0.0011868,0.00079061,0,0,0.00052666,0.00079061,0.0019055,0.0026639,0.0035119,0.0043664,0.0051198,0.0056614,0.0059036,0.0058048,0.0053815,0.0047032,0.0038744,0.0030079,0.0022004,0.0011868,0.00079061,0,0,0,0,0,0,0,0,0.0021491,0.0032262,0.0045496,0.0060273,0.0075011,0.0087697,0.0096316,0.0099373,0.0096316,0.010608,0.010261,0.0099188,0.0097051,0.0096422,0.0096502,0.0082383,0.0084999,0.0082383
0.0023603,0.0016737,0.0011149,0,0,0.00079061,0.0011868,0.0022004,0.0030079,0.0038744,0.0047032,0.0053815,0.0058048,0.0059036,0.0056614,0.0051198,0.0043664,0.0035119,0.0026639,0.0019055,0.00079061,0.00052666,0,0,0,0,0,0,0,0,0.0023603,0.0035433,0.0049968,0.0066197,0.0082383,0.0096316,0.010578,0.010914,0.010578,0.011781,0.011465,0.011169,0.011024,0.011044,0.01113,0.0096316,0.0099373,0.0096316
0.004604,0.0040555,0.0036262,0.0023603,0.0024352,0.0034753,0.0038228,0.0041985,0.004604,0.0050065,0.0053403,0.0055235,0.0051554,0.0055235,0.0053403,0.0050065,0.004604,0.0041985,0.0038228,0.0034753,0.0024352,0.0023603,0.0021491,0.0018382,0.0014771,0.0011149,0.00079061,0.00052666,0,0,0.0024352,0.0036557,0.0051554,0.0068298,0.0084999,0.0099373,0.010914,0.01126,0.010914,0.012298,0.012043,0.011827,0.011775,0.011894,0.012067,0.010578,0.010914,0.010578
0.0061088,0.005519,0.0050644,0.0035433,0.0036557,0.0050203,0.0054435,0.0058864,0.0063598,0.0068291,0.0072141,0.0074103,0.0068298,0.0074103,0.0072141,0.0068291,0.0063598,0.0058864,0.0054435,0.0050203,0.0036557,0.0035433,0.0032262,0.0027595,0.0022173,0.0016737,0.0011868,0.00079061,0,0,0.0023603,0.0035433,0.0049968,0.0066197,0.0082383,0.0096316,0.010578,0.010914,0.010578,0.012067,0.011894,0.011775,0.011827,0.012043,0.012298,0.010914,0.01126,0.010914
0.0076766,0.0071177,0.0066987,0.0049968,0.0051554,0.006835,0.0073091,0.007783,0.0082823,0.0087764,0.0091748,0.0093533,0.0084999,0.0093533,0.0091748,0.0087764,0.0082823,0.007783,0.0073091,0.006835,0.0051554,0.0049968,0.0045496,0.0038915,0.0031269,0.0023603,0.0016737,0.0011149,0,0,0.0021491,0.0032262,0.0045496,0.0060273,0.0075011,0.0087697,0.0096316,0.0099373,0.0096316,0.01113,0.011044,0.011024,0.011169,0.011465,0.011781,0.010578,0.010914,0.010578
0.0091393,0.0086987,0.0083876,0.0066197,0.0068298,0.0087688,0.0092535,0.0097051,0.01017,0.010628,0.010987,0.011109,0.0099373,0.011109,0.010987,0.010628,0.01017,0.0097051,0.0092535,0.0087688,0.0068298,0.0066197,0.0060273,0.0051554,0.0041425,0.0031269,0.0022173,0.0014771,0,0,0.0018382,0.0027595,0.0038915,0.0051554,0.006416,0.0075011,0.0082383,0.0084999,0.0082383,0.0096502,0.0096422,0.0097051,0.0099188,0.010261,0.010608,0.0096316,0.0099373,0.0096316
0.010311,0.010072,0.0099363,0.0082383,0.0084999,0.010599,0.011044,0.011413,0.011775,0.01213,0.012391,0.012943,0.011705,0.013531,0.013868,0.013968,0.013924,0.013773,0.01348,0.012959,0.010649,0.010077,0.0095048,0.0083216,0.007061,0.0058952,0.0045977,0.0039873,0.0023603,0.0024352,0.0038374,0.0043664,0.0049651,0.0056196,0.0062704,0.0073446,0.007937,0.0079448,0.0080967,0.0097037,0.010064,0.010394,0.010718,0.010994,0.011127,0.010077,0.0099769,0.0093533
0.011024,0.011044,0.01113,0.0096316,0.0099373,0.012067,0.012425,0.012657,0.012857,0.013049,0.013164,0.013854,0.012447,0.014737,0.015381,0.015809,0.016083,0.0162,0.016081,0.01561,0.013164,0.012391,0.011778,0.010362,0.0088879,0.0075576,0.0059857,0.0053753,0.0035433,0.0036557,0.0046582,0.0048999,0.0051198,0.0053442,0.0055652,0.0065271,0.0069743,0.0068291,0.0072141,0.0087862,0.009335,0.0097971,0.010159,0.010372,0.010368,0.0093792,0.0090471,0.0082934
0.011169,0.011465,0.011781,0.010578,0.010914,0.012939,0.013175,0.013235,0.013239,0.013235,0.013175,0.014054,0.012588,0.015299,0.016302,0.017127,0.017789,0.018232,0.01833,0.018462,0.016254,0.015585,0.015351,0.014111,0.012803,0.011599,0.00987,0.0092703,0.0071459,0.0069936,0.0072645,0.0068514,0.0063558,0.0058709,0.0051198,0.0060148,0.0063319,0.0060161,0.0066702,0.0082326,0.0089829,0.0095745,0.0099561,0.010075,0.0098899,0.0088883,0.0082823,0.0073571
0.013082,0.013408,0.013614,0.012391,0.012375,0.013854,0.01369,0.013049,0.012857,0.012657,0.012425,0.013544,0.012155,0.015194,0.016568,0.017812,0.018884,0.019669,0.019993,0.020473,0.018475,0.017743,0.017774,0.016604,0.0154,0.014318,0.012467,0.012006,0.0098459,0.0095893,0.0093637,0.0084916,0.0074572,0.0064102,0.0049651,0.0058435,0.0060547,0.0055622,0.0065028,0.0080951,0.0090524,0.0097705,0.010162,0.01017,0.0097801,0.0086987,0.0077982,0.0066702
0.01329,0.013682,0.013868,0.012796,0.012588,0.013603,0.013182,0.01213,0.011775,0.011413,0.011044,0.012437,0.011259,0.01449,0.0162,0.017829,0.019276,0.020368,0.020891,0.02177,0.020089,0.019355,0.019752,0.018781,0.01782,0.016987,0.015115,0.014858,0.012788,0.012391,0.011365,0.0098614,0.0080897,0.0062704,0.0038915,0.0045977,0.0045977,0.0038915,0.0051554,0.0069427,0.0082917,0.0093533,0.0099769,0.010077,0.0096502,0.0087764,0.0075907,0.0062518
0.013384,0.013724,0.013776,0.012759,0.012298,0.012782,0.012102,0.010628,0.01017,0.0097051,0.0092535,0.010918,0.010056,0.013318,0.015281,0.017206,0.018939,0.02026,0.020924,0.022217,0.020924,0.02026,0.021089,0.020432,0.01983,0.019346,0.017557,0.017538,0.015659,0.015093,0.013774,0.011897,0.0097184,0.0075044,0.0045496,0.0053753,0.0053753,0.0045496,0.0060273,0.0075011,0.0087697,0.0096316,0.0099373,0.0096316,0.0087697,0.0075011,0.0060273,0.0045496
0.013449,0.01363,0.013447,0.012381,0.011627,0.011571,0.010652,0.0087764,0.0082823,0.007783,0.0073091,0.0091954,0.0086987,0.011832,0.013929,0.016021,0.017914,0.019355,0.020089,0.02177,0.020891,0.020368,0.021637,0.021372,0.021197,0.02111,0.019498,0.019708,0.018079,0.01733,0.015734,0.013523,0.010998,0.0084579,0.0049968,0.0059036,0.0059036,0.0049968,0.0066197,0.0082383,0.0096316,0.010578,0.010914,0.010578,0.0096316,0.0082383,0.0066197,0.0049968
0.013496,0.013447,0.01297,0.011775,0.010721,0.01017,0.0090524,0.0068291,0.0063598,0.0058864,0.0054435,0.0074556,0.0073115,0.010176,0.012273,0.014386,0.016297,0.017743,0.018475,0.020473,0.019993,0.019669,0.02132,0.021468,0.021723,0.022024,0.020655,0.021046,0.019684,0.018762,0.016941,0.014487,0.011726,0.0089789,0.0051554,0.006091,0.006091,0.0051554,0.0068298,0.0084999,0.0099373,0.010914,0.01126,0.010914,0.0099373,0.0084999,0.0068298,0.0051554
0.012759,0.012661,0.012051,0.011024,0.0097051,0.0087496,0.0074894,0.0050065,0.004604,0.0041985,0.0038228,0.0058356,0.0059785,0.0084721,0.010443,0.012437,0.014236,0.015585,0.016254,0.018462,0.01833,0.018232,0.020149,0.02067,0.021299,0.021919,0.020826,0.021325,0.02021,0.019152,0.017198,0.014628,0.011782,0.00898,0.0049968,0.0059036,0.0059036,0.0049968,0.0066197,0.0082383,0.0096316,0.010578,0.010914,0.010578,0.0096316,0.0082383,0.0066197,0.0049968
0.012796,0.012391,0.011465,0.010163,0.0086525,0.0070865,0.0055865,0.0027595,0.0022173,0.0016737,0.0011868,0.0029397,0.0032262,0.0053403,0.0072141,0.0091748,0.010987,0.012391,0.013164,0.01561,0.016081,0.0162,0.018232,0.019035,0.01993,0.020764,0.019948,0.020474,0.019569,0.018964,0.017252,0.01504,0.012634,0.010301,0.0066987,0.0077356,0.0078105,0.00691,0.0081764,0.0093393,0.010247,0.010747,0.010728,0.010158,0.0087697,0.0075011,0.0060273,0.0045496
0.012391,0.011776,0.010649,0.0091901,0.0075907,0.0060161,0.0045843,0.0018382,0.0014771,0.0011149,0.00079061,0.0023649,0.0027595,0.0044182,0.005946,0.007531,0.0089781,0.010077,0.010649,0.012959,0.01348,0.013773,0.015762,0.016728,0.01776,0.018687,0.018121,0.018606,0.01787,0.017529,0.016045,0.014172,0.012177,0.010275,0.0071177,0.008141,0.0082535,0.0074348,0.0083816,0.0091755,0.0097184,0.0099121,0.0096867,0.009029,0.0075011,0.006416,0.0051554,0.0038915
0.010578,0.0096316,0.0082383,0.0066197,0.0049968,0.0035433,0.0023603,0,0,0,0,0.0014771,0.0022173,0.0031269,0.0041425,0.0051554,0.0060273,0.0066197,0.0068298,0.0087688,0.0092535,0.0097051,0.011647,0.012845,0.014114,0.015251,0.015093,0.015659,0.015389,0.015446,0.014321,0.012937,0.011509,0.010183,0.0076766,0.0086912,0.0088498,0.0081237,0.0086921,0.0090469,0.0091542,0.00898,0.0085035,0.0077346,0.0060273,0.0051554,0.0041425,0.0031269
0.0096316,0.0087697,0.0075011,0.0060273,0.0045496,0.0032262,0.0021491,0,0,0,0,0.0011149,0.0016737,0.0023603,0.0031269,0.0038915,0.0045496,0.0049968,0.0051554,0.006835,0.0073091,0.007783,0.0093973,0.01045,0.011535,0.01248,0.012391,0.012788,0.012498,0.013049,0.01237,0.011568,0.010794,0.010121,0.0083876,0.0094084,0.0096185,0.00898,0.0091542,0.0090469,0.0086921,0.0081237,0.0073727,0.0064739,0.0045496,0.0038915,0.0031269,0.0023603
0.0082383,0.0075011,0.006416,0.0051554,0.0038915,0.0027595,0.0018382,0,0,0,0,0.00079061,0.0011868,0.0016737,0.0022173,0.0027595,0.0032262,0.0035433,0.0036557,0.0050203,0.0054435,0.0058864,0.0071504,0.008016,0.0088879,0.0096276,0.0095893,0.0098459,0.0095706,0.010649,0.010445,0.010245,0.010132,0.01011,0.0091748,0.010216,0.010477,0.0099121,0.0097184,0.0091755,0.0083816,0.0074348,0.0064152,0.0053815,0.0032262,0.0027595,0.0022173,0.0016737
0.0066197,0.0060273,0.0051554,0.0041425,0.0031269,0.0022173,0.0014771,0,0,0,0,0.00052666,0.00079061,0.0011149,0.0014771,0.0018382,0.0021491,0.0023603,0.0024352,0.0034753,0.0038228,0.0041985,0.0051306,0.0057971,0.0064552,0.0070005,0.0069936,0.0071459,0.00691,0.0084759,0.0087134,0.0090591,0.0095392,0.010093,0.0098846,0.010949,0.011255,0.010747,0.010247,0.0093393,0.0081764,0.00691,0.0056614,0.0045094,0.0021491,0.0018382,0.0014771,0.0011149
0.0049968,0.0045496,0.0038915,0.0031269,0.0023603,0.0016737,0.0011149,0,0,0,0,0,0,0,0,0,0,0,0,0.00079061,0.0011868,0.0016737,0.0022173,0.0027595,0.0032262,0.0035433,0.0036557,0.0035433,0.0032262,0.0051198,0.0057606,0.0066705,0.0078065,0.009029,0.0096316,0.010578,0.010914,0.010578,0.0096316,0.0082383,0.0066197,0.0049968,0.0035433,0.0023603,0,0,0,0
0.0035433,0.0032262,0.0027595,0.0022173,0.0016737,0.0011868,0.00079061,0,0,0,0,0,0,0,0,0,0,0,0,0.00052666,0.00079061,0.0011149,0.0014771,0.0018382,0.0021491,0.0023603,0.0024352,0.0023603,0.0021491,0.0042735,0.0051328,0.0062704,0.0076204,0.0090265,0.0099373,0.010914,0.01126,0.010914,0.0099373,0.0084999,0.0068298,0.0051554,0.0036557,0.0024352,0,0,0,0
0.0023603,0.0021491,0.0018382,0.0014771,0.0011149,0.00079061,0.00052666,0,0,0,0,0,0,0,0,0,0,0,0,0,0,0,0,0,0,0,0,0,0,0.0023603,0.0035433,0.0049968,0.0066197,0.0082383,0.0096316,0.010578,0.010914,0.010578,0.0096316,0.0082383,0.0066197,0.0049968,0.0035433,0.0023603,0,0,0,0
0,0,0,0,0,0,0,0,0,0,0,0,0,0,0,0,0,0,0,0,0,0,0,0,0,0,0,0,0,0.0021491,0.0032262,0.0045496,0.0060273,0.0075011,0.0087697,0.0096316,0.0099373,0.0096316,0.0087697,0.0075011,0.0060273,0.0045496,0.0032262,0.0021491,0,0,0,0
0,0,0,0,0,0,0,0,0,0,0,0,0,0,0,0,0,0,0,0,0,0,0,0,0,0,0,0,0,0.0018382,0.0027595,0.0038915,0.0051554,0.006416,0.0075011,0.0082383,0.0084999,0.0082383,0.0075011,0.006416,0.0051554,0.0038915,0.0027595,0.0018382,0,0,0,0
0,0,0,0,0,0,0,0,0,0,0,0,0,0,0,0,0,0,0,0,0,0,0,0,0,0,0,0,0,0.0014771,0.0022173,0.0031269,0.0041425,0.0051554,0.0060273,0.0066197,0.0068298,0.0066197,0.0060273,0.0051554,0.0041425,0.0031269,0.0022173,0.0014771,0,0,0,0
0,0,0,0,0,0,0,0,0,0,0,0,0,0,0,0,0,0,0,0,0,0,0,0,0,0,0,0,0,0.0011149,0.0016737,0.0023603,0.0031269,0.0038915,0.0045496,0.0049968,0.0051554,0.0049968,0.0045496,0.0038915,0.0031269,0.0023603,0.0016737,0.0011149,0,0,0,0
0,0,0,0,0,0,0,0,0,0,0,0,0,0,0,0,0,0,0,0,0,0,0,0,0,0,0,0,0,0.00079061,0.0011868,0.0016737,0.0022173,0.0027595,0.0032262,0.0035433,0.0036557,0.0035433,0.0032262,0.0027595,0.0022173,0.0016737,0.0011868,0.00079061,0,0,0,0
