0,0,0,0,0,0,0,0,0,0,0,0,0,0.0023603,0.0035433,0.0049968,0.0066197,0.0082383,0.0096316,0.010578,0.010914,0.010578,0.010747,0.0099121,0.00898,0.0081237,0.0074348,0.00691,0.0049968,0.0051554,0.0049968,0.0045496,0.0044182,0.0039175,0.0034753,0.0031508,0.0029532,0.0021491,0.0023603,0.0032259,0.0035472,0.0038228,0.0040555,0.0042366,0.0043411,0.0043339,0.0041824,0.0035433
0,0,0,0,0,0,0,0,0,0,0,0,0,0.0024352,0.0036557,0.0051554,0.0068298,0.0084999,0.0099373,0.010914,0.01126,0.010914,0.010728,0.0096867,0.0085035,0.0073727,0.0064152,0.0056614,0.0035433,0.0036557,0.0035433,0.0032262,0.0035501,0.0034042,0.0033474,0.0034042,0.0035501,0.0032262,0.0035433,0.0041824,0.0043339,0.0043411,0.0042366,0.0040555,0.0038228,0.0035472,0.0032259,0.0023603
0,0,0,0,0,0,0,0,0,0,0,0,0,0.0023603,0.0035433,0.0049968,0.0066197,0.0082383,0.0096316,0.010578,0.010914,0.010578,0.010158,0.009029,0.0077346,0.0064739,0.0053815,0.0045094,0.0023603,0.0024352,0.0023603,0.0021491,0.0029532,0.0031508,0.0034753,0.0039175,0.0044182,0.0045496,0.0049968,0.0056821,0.0057874,0.0056646,0.0053686,0.0049651,0.0045094,0.004034,0.0035502,0.0023603
0,0,0,0,0,0,0,0,0,0,0,0,0,0.0021491,0.0032262,0.0045496,0.0060273,0.0075011,0.0087697,0.0096316,0.0099373,0.0096316,0.0087697,0.0075011,0.0060273,0.0045496,0.0032262,0.0021491,0,0,0,0,0.0014771,0.0022173,0.0031269,0.0041425,0.0051554,0.0060273,0.0066197,0.0076204,0.0078065,0.007701,0.0073727,0.006902,0.0063531,0.0057606,0.0051328,0.0035433
0,0,0,0,0,0,0,0,0,0,0,0,0,0.0018382,0.0027595,0.0038915,0.0051554,0.006416,0.0075011,0.0082383,0.0084999,0.0082383,0.0075011,0.006416,0.0051554,0.0038915,0.0027595,0.0018382,0,0,0,0,0.0018382,0.0027595,0.0038915,0.0051554,0.006416,0.0075011,0.0082383,0.0096148,0.0099121,0.0098614,0.0095429,0.0090469,0.0084412,0.0077563,0.0069936,0.0049968
0,0,0,0,0,0,0,0,0,0,0,0,0,0.0014771,0.0022173,0.0031269,0.0041425,0.0051554,0.0060273,0.0066197,0.0068298,0.0066197,0.0060273,0.0051554,0.0041425,0.0031269,0.0022173,0.0014771,0,0,0,0,0.0021491,0.0032262,0.0045496,0.0060273,0.0075011,0.0087697,0.0096316,0.011414,0.011849,0.011897,0.011644,0.011183,0.010577,0.0098459,0.0089789,0.0066197
0,0,0,0,0,0,0,0,0,0,0,0,0,0.0011149,0.0016737,0.0023603,0.0031269,0.0038915,0.0045496,0.0049968,0.0051554,0.0049968,0.0045496,0.0038915,0.0031269,0.0023603,0.0016737,0.0011149,0,0,0,0,0.0023603,0.0035433,0.0049968,0.0066197,0.0082383,0.0096316,0.010578,0.012752,0.013338,0.013523,0.013394,0.013036,0.012498,0.011782,0.01086,0.0082383
0,0,0,0,0,0,0,0,0,0,0,0,0,0.00079061,0.0011868,0.0016737,0.0022173,0.0027595,0.0032262,0.0035433,0.0036557,0.0035433,0.0032262,0.0027595,0.0022173,0.0016737,0.0011868,0.00079061,0,0,0,0,0.0024352,0.0036557,0.0051554,0.0068298,0.0084999,0.0099373,0.010914,0.01341,0.01414,0.014487,0.014527,0.014331,0.013925,0.013287,0.012373,0.0096316
0,0,0,0,0,0,0,0,0,0.00052666,0.00079061,0.0011149,0.0014771,0.0023649,0.0029397,0.0034753,0.0039123,0.0041985,0.0048249,0.0049892,0.0050272,0.0049523,0.0047779,0.004514,0.0038374,0.0035502,0.0031509,0.0026758,0.0018382,0.0014771,0.0011149,0.00079061,0.002887,0.0035433,0.0049968,0.0066197,0.0082383,0.0096316,0.010578,0.013274,0.014122,0.014628,0.014858,0.014858,0.014628,0.014122,0.013274,0.010578
0,0,0,0,0,0,0,0,0,0.00079061,0.0011868,0.0016737,0.0022173,0.0027595,0.0032262,0.0035433,0.0036557,0.0035433,0.0040168,0.0039463,0.003891,0.003891,0.0039463,0.0040168,0.0035433,0.0036557,0.0035433,0.0032262,0.0027595,0.0022173,0.0016737,0.0011868,0.0029397,0.0032262,0.0045496,0.0060273,0.0075011,0.0087697,0.0096316,0.012373,0.013287,0.013925,0.014331,0.014527,0.014487,0.01414,0.01341,0.010914
0,0,0,0,0,0,0,0,0,0.0011149,0.0016737,0.0023603,0.0031269,0.0038915,0.0045496,0.0049968,0.0051554,0.0049968,0.0056646,0.0055652,0.0054872,0.0054872,0.0055652,0.0056646,0.0049968,0.0051554,0.0049968,0.0045496,0.0038915,0.0031269,0.0023603,0.0016737,0.0029532,0.0027595,0.0038915,0.0051554,0.006416,0.0075011,0.0082383,0.01086,0.011782,0.012498,0.013036,0.013394,0.013523,0.013338,0.012752,0.010578
0,0,0,0,0,0,0,0,0,0.0014771,0.0022173,0.0031269,0.0041425,0.0051554,0.0060273,0.0066197,0.0068298,0.0066197,0.0075044,0.0073727,0.0072694,0.0072694,0.0073727,0.0075044,0.0066197,0.0068298,0.0071464,0.0068179,0.0062704,0.0056196,0.0049651,0.0043664,0.0053144,0.0046526,0.0054872,0.0062916,0.0069936,0.0075044,0.0077346,0.0097695,0.010373,0.010577,0.011183,0.011644,0.011897,0.011849,0.011414,0.0096316
0,0,0,0,0,0,0,0,0,0.0018382,0.0027595,0.0038915,0.0051554,0.006416,0.0075011,0.0082383,0.0084999,0.0082383,0.0093393,0.0091755,0.0090469,0.0090469,0.0091755,0.0093393,0.0082383,0.0084999,0.009029,0.0086879,0.0080897,0.0073727,0.006651,0.0059857,0.0064964,0.0053295,0.0059036,0.0063531,0.006651,0.006767,0.0066705,0.0081805,0.0085469,0.0084412,0.0090469,0.0095429,0.0098614,0.0099121,0.0096148,0.0082383
0,0,0,0,0,0,0,0,0,0.0021491,0.0032262,0.0045496,0.0060273,0.0075011,0.0087697,0.0096316,0.0099373,0.0096316,0.010919,0.010727,0.010577,0.010577,0.010727,0.010919,0.0096316,0.0099373,0.010747,0.010443,0.0098614,0.0091542,0.0084412,0.0077758,0.0079365,0.0063423,0.0066705,0.006767,0.006651,0.0063531,0.0059036,0.0068065,0.0068755,0.0063531,0.006902,0.0073727,0.007701,0.0078065,0.0076204,0.0066197
0,0,0,0,0,0,0,0,0,0.0023603,0.0035433,0.0049968,0.0066197,0.0082383,0.0096316,0.010578,0.010914,0.010578,0.011992,0.011782,0.011617,0.011617,0.011782,0.011992,0.010578,0.010914,0.012055,0.011849,0.011365,0.010762,0.010152,0.0095706,0.0095067,0.0076204,0.0077346,0.0075044,0.0069936,0.0062916,0.0054872,0.0057675,0.0055111,0.0045094,0.0049651,0.0053686,0.0056646,0.0057874,0.0056821,0.0049968
0,0,0,0,0,0,0,0,0,0.0024352,0.0036557,0.0051554,0.0068298,0.0084999,0.0099373,0.010914,0.01126,0.010914,0.012373,0.012156,0.011985,0.011985,0.012156,0.012373,0.010914,0.01126,0.012752,0.012697,0.012391,0.011985,0.011571,0.011157,0.010674,0.0084999,0.0082383,0.0075011,0.006416,0.0051554,0.0038915,0.0035501,0.0030251,0.0016737,0.0022173,0.0027595,0.0032262,0.0035433,0.0036557,0.0035433
0.0021491,0.0018382,0.0014771,0.0011149,0.00079061,0.00052666,0,0,0,0.0023603,0.0035433,0.0049968,0.0066197,0.0082383,0.0096316,0.010578,0.010914,0.010578,0.011992,0.011782,0.011617,0.011617,0.011782,0.011992,0.010578,0.010914,0.012727,0.012858,0.012788,0.012647,0.012498,0.012313,0.011992,0.0099373,0.0096316,0.0087697,0.0075011,0.0060273,0.0045496,0.0037528,0.0029397,0.0011149,0.0014771,0.0018382,0.0021491,0.0023603,0.0024352,0.0023603
0.0032262,0.0027595,0.0022173,0.0016737,0.0011868,0.00079061,0,0,0,0.0021491,0.0032262,0.0045496,0.0060273,0.0075011,0.0087697,0.0096316,0.0099373,0.0096316,0.010919,0.010727,0.010577,0.010577,0.010727,0.010919,0.0096316,0.0099373,0.011992,0.012313,0.012498,0.012647,0.012788,0.012858,0.012727,0.010914,0.010578,0.0096316,0.0082383,0.0066197,0.0049968,0.0035433,0.0023603,0,0,0,0,0,0,0
0.0045496,0.0044182,0.0039175,0.0034753,0.0031508,0.0029532,0.0021491,0.0023603,0.0024352,0.0041985,0.0049086,0.0057297,0.0066325,0.007531,0.0082917,0.008765,0.0084999,0.0082383,0.0093393,0.0091755,0.0090469,0.0090469,0.0091755,0.0093393,0.0082383,0.0084999,0.010674,0.011157,0.011571,0.011985,0.012391,0.012697,0.012752,0.01126,0.010914,0.0099373,0.0084999,0.0068298,0.0051554,0.0036557,0.0024352,0,0,0,0,0,0,0
0.0078655,0.0074231,0.0064443,0.0055913,0.0049613,0.0042366,0.0032262,0.0035433,0.0036557,0.0050203,0.0054435,0.0058864,0.0063598,0.0068291,0.0077408,0.0082009,0.0079448,0.0080967,0.0093426,0.0095218,0.0096297,0.0097047,0.0097331,0.0096535,0.0084579,0.0083069,0.010095,0.010361,0.010679,0.010762,0.011365,0.011849,0.012055,0.010914,0.010578,0.0096316,0.0082383,0.0066197,0.0049968,0.0035433,0.0023603,0,0,0,0,0,0,0
0.010261,0.0097483,0.0085029,0.0074387,0.006677,0.0057297,0.0045496,0.0049968,0.0051554,0.0061117,0.0062234,0.0062518,0.0062538,0.0062518,0.007014,0.0072986,0.0068291,0.0072141,0.0084241,0.0087914,0.0090305,0.009143,0.0091085,0.0088908,0.0077563,0.0073727,0.0088196,0.0089627,0.0092318,0.0091542,0.0098614,0.010443,0.010747,0.0099373,0.0096316,0.0087697,0.0075011,0.0060273,0.0045496,0.0032262,0.0021491,0,0,0,0,0,0,0
0.013452,0.01322,0.012082,0.011189,0.010633,0.0096648,0.0084625,0.00898,0.0089789,0.0092485,0.0086912,0.0079441,0.0071504,0.0064131,0.0065584,0.006694,0.0060161,0.0066702,0.0079083,0.008496,0.0088878,0.0090465,0.0089432,0.0085664,0.0074348,0.0067827,0.0077418,0.0076594,0.007766,0.0073727,0.0080897,0.0086879,0.009029,0.0084999,0.0082383,0.0075011,0.006416,0.0051554,0.0038915,0.0027595,0.0018382,0,0,0,0,0,0,0
0.015974,0.015893,0.014723,0.013865,0.013402,0.01232,0.011157,0.011782,0.011726,0.011525,0.010509,0.0092047,0.0078193,0.0065203,0.0063857,0.0064159,0.0055622,0.0065028,0.0078312,0.0086561,0.0092117,0.0094218,0.0092485,0.0087031,0.0075157,0.0065777,0.0069643,0.0065837,0.0064422,0.0056196,0.0062704,0.0068179,0.0071464,0.0068298,0.0066197,0.0060273,0.0051554,0.0041425,0.0031269,0.0022173,0.0014771,0,0,0,0,0,0,0
0.018027,0.018165,0.017074,0.016356,0.016071,0.014933,0.013925,0.014628,0.014487,0.013523,0.011897,0.0098614,0.007701,0.0056646,0.0050644,0.0049086,0.0038915,0.0051554,0.006416,0.0075011,0.0082383,0.0084999,0.0082383,0.0075011,0.006416,0.0051554,0.0050065,0.0044332,0.0041985,0.0031269,0.0038915,0.0045496,0.0049968,0.0051554,0.0049968,0.0045496,0.0038915,0.0031269,0.0023603,0.0016737,0.0011149,0,0,0,0,0,0,0
0.01935,0.019753,0.018855,0.018375,0.018339,0.017218,0.016461,0.017198,0.016941,0.015734,0.013774,0.011365,0.008837,0.0064739,0.0056924,0.0055865,0.0045496,0.0060273,0.0075011,0.0087697,0.0096316,0.0099373,0.0096316,0.0087697,0.0075011,0.0060273,0.0053403,0.004413,0.0038228,0.0022173,0.0027595,0.0032262,0.0035433,0.0036557,0.0035433,0.0032262,0.0027595,0.0022173,0.0016737,0.0011868,0.00079061,0,0,0,0,0,0,0
0.019768,0.020448,0.019835,0.019664,0.019917,0.018887,0.018437,0.019152,0.018762,0.01733,0.015093,0.012391,0.0095893,0.0069936,0.0060161,0.0059785,0.0049968,0.0066197,0.0082383,0.0096316,0.010578,0.010914,0.010578,0.0096316,0.0082383,0.0066197,0.0055235,0.0043339,0.0034753,0.0014771,0.0018382,0.0021491,0.0023603,0.0024352,0.0023603,0.0021491,0.0018382,0.0014771,0.0011149,0.00079061,0.00052666,0,0,0,0,0,0,0
0.019227,0.020156,0.019881,0.020045,0.020584,0.019708,0.019569,0.02021,0.019684,0.018079,0.015659,0.012788,0.0098459,0.0071459,0.0059785,0.0060161,0.0051554,0.0068298,0.0084999,0.0099373,0.010914,0.01126,0.010914,0.0099373,0.0084999,0.0068298,0.0051554,0.0036557,0.0024352,0,0,0,0,0,0,0,0,0,0,0,0,0,0,0,0,0,0,0
0.017809,0.018921,0.018985,0.019458,0.020237,0.019556,0.019684,0.02021,0.020096,0.018661,0.016504,0.013975,0.011409,0.0090591,0.0079468,0.0081276,0.0073571,0.0087688,0.010077,0.011109,0.011693,0.011705,0.011105,0.0096316,0.0082383,0.0066197,0.0049968,0.0035433,0.0023603,0,0,0,0,0,0,0,0,0,0,0,0,0,0,0,0,0,0,0
0.015706,0.016912,0.017266,0.017978,0.018916,0.018445,0.018762,0.019152,0.019228,0.017925,0.016005,0.013789,0.011571,0.0095529,0.0084519,0.0087201,0.0080929,0.0092535,0.010261,0.010987,0.011305,0.011124,0.010422,0.0087697,0.0075011,0.0060273,0.0045496,0.0032262,0.0021491,0,0,0,0,0,0,0,0,0,0,0,0,0,0,0,0,0,0,0
0.013185,0.014389,0.014946,0.015798,0.016799,0.016524,0.016941,0.017198,0.017576,0.016532,0.015007,0.013279,0.011577,0.010037,0.0090523,0.009392,0.0088883,0.0097051,0.010308,0.010628,0.010599,0.010174,0.0093533,0.0075011,0.006416,0.0051554,0.0038915,0.0027595,0.0018382,0,0,0,0,0,0,0,0,0,0,0,0,0,0,0,0,0,0,0
0.010531,0.011645,0.012305,0.013194,0.014164,0.01405,0.014487,0.014628,0.015402,0.014715,0.013704,0.012584,0.011509,0.010537,0.0097705,0.010162,0.0097466,0.01017,0.010311,0.01017,0.0097466,0.0090471,0.0080967,0.0060273,0.0051554,0.0041425,0.0031269,0.0022173,0.0014771,0,0,0,0,0,0,0,0,0,0,0,0,0,0,0,0,0,0,0
0.006651,0.007809,0.0087026,0.0097635,0.010833,0.010998,0.011726,0.011782,0.012995,0.012719,0.012273,0.011806,0.011393,0.011013,0.01054,0.010964,0.010599,0.010628,0.010308,0.0097051,0.0088883,0.0079149,0.006835,0.0045496,0.0038915,0.0031269,0.0023603,0.0016737,0.0011149,0,0,0,0,0,0,0,0,0,0,0,0,0,0,0,0,0,0,0
