0.010578,0.0096316,0.010599,0.010163,0.0099936,0.010163,0.010599,0.0096316,0.010578,0.010914,0.013013,0.013287,0.013394,0.014564,0.01517,0.015841,0.017192,0.016339,0.017137,0.017151,0.016415,0.015053,0.013248,0.011203,0.0091054,0.0055865,0.0044332,0.0044472,0.0038741,0.0043378,0.0050325,0.0053686,0.0063879,0.0071459,0.0086307,0.0091058,0.0092703,0.0091675,0.0088567,0.009502,0.0094592,0.0094213,0.0086504,0.0095561,0.010115,0.010484,0.010643,0.010562
0.010422,0.0092963,0.0099363,0.009683,0.0097051,0.010056,0.010649,0.0099373,0.010914,0.01126,0.013274,0.013481,0.013497,0.014927,0.015611,0.016414,0.018271,0.017743,0.018966,0.019378,0.01896,0.017789,0.016021,0.013854,0.0115,0.0076766,0.0061088,0.006081,0.0053683,0.0059875,0.0069312,0.0073727,0.0087868,0.0098459,0.011164,0.011462,0.011244,0.010599,0.0096615,0.010047,0.0096516,0.0094466,0.0084764,0.0091722,0.0099736,0.010511,0.010721,0.010566
0.011574,0.010652,0.011212,0.011059,0.011037,0.011217,0.011554,0.010747,0.011369,0.011441,0.012727,0.012858,0.012788,0.014485,0.015257,0.016204,0.018624,0.018571,0.02026,0.021151,0.021156,0.020293,0.01867,0.016472,0.013924,0.0099188,0.0079149,0.0078189,0.0070014,0.0077826,0.0089928,0.0095429,0.011393,0.012788,0.014023,0.014184,0.013613,0.012443,0.010885,0.011006,0.01024,0.0098387,0.0086307,0.0090918,0.01013,0.01083,0.011092,0.010867
0.01152,0.010686,0.01096,0.010912,0.010903,0.011004,0.011195,0.010443,0.010818,0.010728,0.01147,0.011529,0.011393,0.013332,0.014192,0.015277,0.018253,0.01876,0.0209,0.022288,0.022769,0.022288,0.0209,0.01876,0.016104,0.012051,0.0096422,0.0094536,0.0085948,0.0095265,0.010992,0.011644,0.013925,0.015659,0.016557,0.016461,0.015389,0.013528,0.011183,0.010841,0.0095793,0.0089161,0.0075044,0.0075011,0.0087697,0.0096316,0.0099373,0.0096316
0.011764,0.011024,0.010885,0.010883,0.010801,0.010721,0.010658,0.0098614,0.0099121,0.0096148,0.0097154,0.0097184,0.0095429,0.011658,0.01259,0.013784,0.017227,0.018294,0.020801,0.022633,0.023571,0.02349,0.02239,0.020393,0.017728,0.013766,0.011044,0.010748,0.0099311,0.010982,0.01266,0.013394,0.016048,0.018079,0.019152,0.019078,0.01787,0.015739,0.013036,0.012513,0.010978,0.010117,0.0084579,0.0082383,0.0096316,0.010578,0.010914,0.010578
0.01233,0.011684,0.011066,0.011054,0.010828,0.010485,0.010089,0.0091542,0.008837,0.0083069,0.0077346,0.007701,0.0075157,0.0097047,0.010674,0.011922,0.015664,0.017199,0.019931,0.022083,0.02339,0.023673,0.022876,0.021088,0.018523,0.014787,0.011894,0.01149,0.010802,0.011925,0.01374,0.014527,0.017438,0.019684,0.020892,0.020851,0.019569,0.01727,0.014331,0.013618,0.011861,0.010817,0.0089789,0.0084999,0.0099373,0.010914,0.01126,0.010914
0.013088,0.012537,0.011453,0.011389,0.010976,0.010334,0.0095736,0.0084412,0.0077563,0.0069936,0.0057874,0.0057365,0.0055652,0.0077046,0.0086631,0.0098967,0.013713,0.01555,0.01833,0.020634,0.022173,0.022733,0.022219,0.020686,0.018324,0.014934,0.012043,0.01155,0.011059,0.012196,0.014052,0.014858,0.01787,0.02021,0.021492,0.021492,0.02021,0.01787,0.014858,0.013977,0.012083,0.0109,0.00898,0.0082383,0.0096316,0.010578,0.010914,0.010578
0.012313,0.011992,0.010728,0.010818,0.010443,0.0097184,0.0087868,0.0077758,0.0067694,0.0058048,0.0040699,0.0040168,0.0038744,0.0058435,0.0067381,0.0078856,0.011539,0.01348,0.016127,0.0184,0.020014,0.02074,0.020463,0.019206,0.017132,0.014181,0.011465,0.010918,0.010658,0.011749,0.013543,0.014331,0.01727,0.019569,0.021378,0.021683,0.020799,0.018915,0.016365,0.015678,0.013968,0.01279,0.010823,0.0096502,0.010608,0.011109,0.011052,0.010422
0.013287,0.013013,0.011441,0.011369,0.010747,0.0097154,0.0084579,0.0071459,0.0059036,0.0047956,0.0023603,0.0021491,0.0018382,0.0033153,0.0038744,0.0046821,0.0078312,0.0096422,0.012051,0.014266,0.016001,0.017008,0.017133,0.016353,0.014787,0.012661,0.010261,0.0097037,0.0096695,0.010661,0.012301,0.013036,0.015739,0.01787,0.019869,0.020339,0.019753,0.018265,0.016153,0.015576,0.014059,0.012929,0.011059,0.0096422,0.010261,0.010456,0.010174,0.0094252
0.013481,0.013274,0.01126,0.010914,0.0099373,0.0084999,0.0068298,0.0051554,0.0036557,0.0024352,0,0,0,0.0014771,0.0022173,0.0031269,0.0059807,0.0079149,0.0099188,0.011775,0.013246,0.014121,0.014266,0.013655,0.012381,0.010628,0.0086333,0.0081095,0.0082579,0.0091126,0.01053,0.011183,0.013528,0.015389,0.017576,0.018231,0.018019,0.017052,0.015535,0.015181,0.013981,0.012986,0.011288,0.0097051,0.0099188,0.0097466,0.0091901,0.0082934
0.012858,0.012727,0.010914,0.010578,0.0096316,0.0082383,0.0066197,0.0049968,0.0035433,0.0023603,0,0,0,0.0011149,0.0016737,0.0023603,0.004604,0.0061088,0.0076766,0.0091393,0.010311,0.011024,0.011169,0.010721,0.0097466,0.0083876,0.0068291,0.0063724,0.0066389,0.0073371,0.0084955,0.0090469,0.010966,0.012498,0.014871,0.015714,0.015915,0.015535,0.014698,0.014658,0.013859,0.013065,0.011585,0.0099188,0.0097051,0.0091393,0.0082823,0.0072141
0.011529,0.01147,0.0099373,0.0096316,0.0087697,0.0075011,0.0060273,0.0045496,0.0032262,0.0021491,0,0,0,0.00079061,0.0011868,0.0016737,0.0033323,0.0044332,0.0055865,0.0066702,0.0075473,0.0080929,0.008223,0.0079149,0.0072141,0.0062234,0.0050784,0.0047081,0.0050242,0.0055648,0.0064592,0.006902,0.0083816,0.0095706,0.012114,0.013133,0.013737,0.013942,0.013789,0.014108,0.013739,0.013182,0.011933,0.010261,0.0096422,0.0086987,0.0075473,0.0063028
0.0097184,0.0097154,0.0084999,0.0082383,0.0075011,0.006416,0.0051554,0.0038915,0.0027595,0.0018382,0,0,0,0.00052666,0.00079061,0.0011149,0.0022677,0.0030251,0.0038228,0.0045776,0.0051947,0.0055865,0.0056924,0.005494,0.0050203,0.0043411,0.0035501,0.0032706,0.0035793,0.0039755,0.004628,0.0049651,0.0060406,0.00691,0.0095812,0.010742,0.011696,0.012415,0.01287,0.013538,0.013573,0.013253,0.012224,0.010608,0.0096502,0.0083876,0.0069849,0.0055865
0.007701,0.0077346,0.0068298,0.0066197,0.0060273,0.0051554,0.0041425,0.0031269,0.0022173,0.0014771,0,0,0,0,0,0,0.00052666,0.00079061,0.0011149,0.0014771,0.0018382,0.0021491,0.0023603,0.0024352,0.0023603,0.0021491,0.0018382,0.0014771,0.0019055,0.0019775,0.0022004,0.0022173,0.0027595,0.0032262,0.0059036,0.007199,0.0085401,0.0098459,0.010998,0.011849,0.012252,0.012101,0.011369,0.0096316,0.0082383,0.0066197,0.0049968,0.0035433
0.0057365,0.0057874,0.0051554,0.0049968,0.0045496,0.0038915,0.0031269,0.0023603,0.0016737,0.0011149,0,0,0,0,0,0,0,0,0,0,0,0,0,0,0,0,0,0,0.00052666,0.00079061,0.0011149,0.0014771,0.0018382,0.0021491,0.0047956,0.006091,0.0075157,0.0089789,0.010338,0.011414,0.012029,0.012051,0.011441,0.0099373,0.0084999,0.0068298,0.0051554,0.0036557
0.0040168,0.0040699,0.0036557,0.0035433,0.0032262,0.0027595,0.0022173,0.0016737,0.0011868,0.00079061,0,0,0,0,0,0,0,0,0,0,0,0,0,0,0,0,0,0,0,0,0,0,0,0,0.0023603,0.0035433,0.0049968,0.0066197,0.0082383,0.0096316,0.010578,0.010914,0.010578,0.0096316,0.0082383,0.0066197,0.0049968,0.0035433
0.0021491,0.0023603,0.0024352,0.0023603,0.0021491,0.0018382,0.0014771,0.0011149,0.00079061,0.00052666,0,0,0,0,0,0,0,0,0,0,0,0,0,0,0,0,0,0,0,0,0,0,0,0,0.0021491,0.0032262,0.0045496,0.0060273,0.0075011,0.0087697,0.0096316,0.0099373,0.0096316,0.0087697,0.0075011,0.0060273,0.0045496,0.0032262
0,0,0,0,0,0,0,0,0,0,0,0,0,0,0,0,0,0,0,0,0,0,0,0,0,0,0,0,0,0,0,0,0,0,0.0018382,0.0027595,0.0038915,0.0051554,0.006416,0.0075011,0.0082383,0.0084999,0.0082383,0.0075011,0.006416,0.0051554,0.0038915,0.0027595
0,0,0,0,0,0,0,0,0,0,0,0,0,0,0,0,0,0,0,0,0,0,0,0,0,0,0,0,0,0,0,0,0,0,0.0014771,0.0022173,0.0031269,0.0041425,0.0051554,0.0060273,0.0066197,0.0068298,0.0066197,0.0060273,0.0051554,0.0041425,0.0031269,0.0022173
0,0,0,0,0,0,0,0,0,0,0,0,0,0,0,0,0,0,0,0,0,0,0,0,0,0,0,0,0,0,0,0,0,0,0.0011149,0.0016737,0.0023603,0.0031269,0.0038915,0.0045496,0.0049968,0.0051554,0.0049968,0.0045496,0.0038915,0.0031269,0.0023603,0.0016737
0,0,0,0,0,0,0,0,0,0,0,0,0,0,0,0,0,0,0,0,0,0,0,0,0,0,0,0,0,0,0,0,0,0,0.00079061,0.0011868,0.0016737,0.0022173,0.0027595,0.0032262,0.0035433,0.0036557,0.0035433,0.0032262,0.0027595,0.0022173,0.0016737,0.0011868
0,0,0,0,0,0,0,0,0,0,0,0,0,0,0,0,0,0,0,0,0,0,0,0,0,0,0,0,0,0,0,0,0,0,0.00052666,0.00079061,0.0011149,0.0014771,0.0018382,0.0021491,0.0023603,0.0024352,0.0023603,0.0021491,0.0018382,0.0014771,0.0011149,0.00079061
0,0,0,0,0,0,0,0,0,0,0,0,0,0,0,0,0,0,0,0,0,0,0,0,0,0,0,0,0,0,0,0,0,0,0,0,0,0,0,0,0,0,0,0,0,0,0,0
0,0,0,0,0,0,0,0,0,0,0,0,0,0,0,0,0,0,0,0,0,0,0,0,0,0,0,0,0,0,0,0,0,0,0,0,0,0,0,0,0,0,0,0,0,0,0,0
0,0,0,0,0,0,0,0,0,0,0,0,0,0,0,0,0,0,0,0,0,0,0,0,0,0,0,0,0,0,0,0,0,0,0,0,0,0,0,0,0,0,0,0,0,0,0,0
0,0,0,0,0,0,0,0,0,0,0,0,0,0,0,0,0,0,0,0,0,0,0,0,0,0,0,0,0,0,0,0,0,0,0,0,0,0,0,0,0,0,0,0,0,0,0,0
0,0,0,0,0,0,0,0,0,0,0,0,0,0,0,0,0,0,0,0,0,0,0,0,0,0,0,0,0,0,0,0,0,0,0,0,0,0,0,0,0,0,0,0,0,0,0,0
0,0,0,0,0,0,0,0,0,0,0,0,0,0,0,0,0,0,0,0,0,0,0,0,0,0,0,0,0,0,0,0,0,0,0,0,0,0,0,0,0,0,0,0,0,0,0,0
0,0,0,0,0,0,0,0,0,0,0,0,0,0,0,0,0,0,0,0,0,0,0,0,0,0,0,0,0,0,0,0,0,0,0,0,0,0,0,0,0,0,0,0,0,0,0,0
0,0,0,0,0,0,0,0,0,0,0,0,0,0,0,0,0,0,0,0,0,0,0,0,0,0,0,0,0,0,0,0,0,0,0,0,0,0,0,0,0,0,0,0,0,0,0,0
0,0,0,0,0,0,0,0,0,0,0,0,0,0,0,0,0,0,0,0,0,0,0,0,0,0,0,0,0,0,0,0,0,0,0,0,0,0,0,0,0,0,0,0,0,0,0,0
0,0,0,0,0,0,0,0,0,0,0,0,0,0,0,0,0,0,0,0,0,0,0,0,0,0,0,0,0,0,0,0,0,0,0,0,0,0,0,0,0,0,0,0,0,0,0,0
