0,0,0,0,0,0,0,0,0,0,0,0,0,0,0,0,0,0,0,0,0,0,0,0,0,0,0,0,0,0,0,0,0,0,0,0,0,0,0,0,0,0,0,0,0,0,0,0
0,0,0,0,0,0,0,0,0,0,0,0,0,0,0,0,0,0,0,0,0,0,0,0,0,0,0,0,0,0,0,0,0,0,0,0,0,0,0,0,0,0,0,0,0,0,0,0
0,0,0,0,0,0,0,0,0,0,0,0,0,0,0,0,0,0,0,0,0,0,0,0,0,0,0,0,0,0,0,0,0,0,0,0,0,0,0,0,0,0,0,0,0,0,0,0
0,0,0,0,0,0,0,0,0,0,0,0,0,0,0,0,0,0,0,0,0,0,0,0,0,0,0,0,0,0.00079061,0.0011868,0,0,0,0,0,0,0,0,0,0,0,0,0,0,0,0,0
0,0,0,0,0,0,0,0,0,0,0,0,0,0,0,0,0,0,0,0,0,0,0,0,0,0,0,0,0,0.0011149,0.0016737,0.0023603,0,0,0,0,0,0,0,0,0,0,0,0,0,0,0,0
0,0,0,0,0,0,0,0,0,0,0,0,0,0,0,0,0,0,0,0,0,0,0,0,0,0,0,0,0,0.0014771,0.0022173,0.0031269,0.0041425,0.0051554,0,0,0,0,0,0,0,0,0,0,0,0,0,0
0,0,0,0,0,0,0,0,0,0,0,0,0,0,0,0,0,0,0,0.00052666,0.00079061,0.0011149,0.0014771,0.0018382,0.0021491,0.0023603,0.0024352,0.0023603,0.0021491,0.0036764,0.0042366,0.0050065,0.005946,0.0069427,0.0075011,0,0,0,0,0,0,0,0,0,0,0,0,0
0,0,0,0,0,0,0,0,0,0,0,0,0,0,0,0,0,0,0,0.00079061,0.0011868,0.0016737,0.0022173,0.0027595,0.0032262,0.0035433,0.0036557,0.0040699,0.0040168,0.0060235,0.0069206,0.0080616,0.0093632,0.010652,0.011205,0.011992,0.012086,0,0,0,0,0,0,0,0,0,0,0
0,0,0,0,0,0,0,0,0,0,0,0,0,0,0,0,0,0,0,0.0011149,0.0016737,0.0023603,0.0031269,0.0038915,0.0045496,0.0049968,0.0051554,0.0057874,0.0057365,0.0079256,0.0088875,0.010643,0.01231,0.014011,0.014764,0.01596,0.016289,0.015698,0,0,0,0,0,0,0,0,0,0
0,0,0,0,0,0,0,0,0,0,0,0,0,0,0,0,0,0,0,0.0014771,0.0022173,0.0031269,0.0041425,0.0051554,0.0060273,0.0066197,0.0068298,0.0077346,0.007701,0.009951,0.010925,0.012964,0.014784,0.016647,0.01731,0.01867,0.019036,0.018349,0.01672,0.014403,0,0,0,0,0,0,0,0
0,0,0,0,0,0,0,0,0,0,0,0,0,0,0,0,0,0,0,0.0018382,0.0027595,0.0038915,0.0051554,0.006416,0.0075011,0.0082383,0.0084999,0.0097154,0.0097184,0.011903,0.012841,0.015159,0.01708,0.019057,0.019588,0.021089,0.021491,0.02073,0.01893,0.016362,0.013387,0.010365,0,0,0,0,0,0
0,0,0,0,0,0,0,0,0,0,0,0,0,0,0,0,0,0,0,0.0021491,0.0032262,0.0045496,0.0060273,0.0075011,0.0087697,0.0096316,0.0099373,0.01147,0.011529,0.013542,0.014409,0.016992,0.018972,0.021015,0.021412,0.023025,0.023466,0.022667,0.020755,0.018012,0.014814,0.011543,0.0073687,0,0,0,0,0
0,0,0,0,0,0,0,0,0,0,0,0,0,0,0,0,0,0,0,0.0023603,0.0035433,0.0049968,0.0066197,0.0082383,0.0096316,0.010578,0.010914,0.012727,0.012858,0.014626,0.015406,0.018228,0.020228,0.022299,0.022594,0.024286,0.024771,0.023978,0.022028,0.019204,0.015883,0.012457,0.0084416,0.0065203,0.0038744,0,0,0
0,0,0,0,0,0,0,0,0,0,0,0,0,0,0,0,0,0,0,0.0024352,0.0036557,0.0051554,0.0068298,0.0084999,0.010464,0.011705,0.012375,0.014751,0.015319,0.017123,0.018027,0.021105,0.023016,0.024868,0.024807,0.026176,0.026346,0.02528,0.023111,0.019784,0.016455,0.012988,0.0090352,0.0072135,0.0048999,0.0043664,0,0
0,0,0,0,0,0,0,0,0,0,0,0,0,0,0,0,0,0,0,0.0023603,0.0035433,0.0049968,0.0066197,0.0082383,0.010422,0.011765,0.012588,0.015231,0.016047,0.017735,0.018667,0.021873,0.023694,0.025389,0.025189,0.026366,0.026398,0.025262,0.023084,0.019625,0.016414,0.013034,0.0094084,0.0077855,0.0059036,0.0054872,0.0038915,0.0045496
0,0,0,0,0,0,0,0,0,0,0,0,0,0,0,0,0,0,0,0.0021491,0.0032262,0.0045496,0.0060273,0.0075011,0.0098846,0.011305,0.012298,0.015119,0.016204,0.017838,0.018831,0.022052,0.023728,0.025192,0.024862,0.025748,0.025585,0.024369,0.022221,0.01867,0.015698,0.012534,0.0094937,0.0081634,0.0067827,0.0065777,0.0051554,0.0060273
0,0,0,0,0,0,0,0,0,0,0,0,0,0,0,0,0,0,0,0.0018382,0.0027595,0.0038915,0.0051554,0.006416,0.0089781,0.010456,0.011627,0.01453,0.015883,0.01752,0.018593,0.021698,0.023169,0.024332,0.023862,0.024373,0.023963,0.022657,0.020567,0.016966,0.014335,0.011502,0.0092485,0.008283,0.0074348,0.0075157,0.006416,0.0075011
0,0,0,0,0,0,0,0,0,0,0,0,0,0,0,0,0,0,0,0.0014771,0.0022173,0.0031269,0.0041425,0.0051554,0.0078655,0.0093792,0.010721,0.013613,0.015203,0.016548,0.017536,0.020192,0.021183,0.021766,0.020943,0.020895,0.020162,0.018807,0.016931,0.013523,0.011529,0.0093393,0.0081764,0.0077758,0.0077758,0.0081764,0.0075011,0.0087697
0,0,0,0,0,0,0,0,0,0,0,0,0,0,0,0,0,0,0,0.0011149,0.0016737,0.0023603,0.0031269,0.0038915,0.0066987,0.008223,0.0097051,0.012501,0.014268,0.015788,0.016901,0.019291,0.020092,0.020396,0.019486,0.019063,0.018078,0.01662,0.014791,0.011365,0.0097184,0.0078931,0.0075157,0.0074348,0.0077563,0.0084579,0.0082383,0.0096316
0,0,0,0,0,0,0,0,0,0,0,0,0,0,0,0,0,0,0,0.00079061,0.0011868,0.0016737,0.0022173,0.0027595,0.0055865,0.0070865,0.0086525,0.011278,0.013138,0.014751,0.015922,0.017956,0.018532,0.018546,0.017536,0.016772,0.015574,0.014054,0.012317,0.00898,0.007701,0.0062704,0.0065777,0.0067827,0.0073727,0.0083069,0.0084999,0.0099373
0,0,0,0,0,0,0,0,0,0,0,0,0,0,0,0.00052666,0.00079061,0.0011149,0.0014771,0.0023649,0.0029397,0.0034753,0.0039123,0.0041985,0.0067334,0.0078543,0.0090677,0.011096,0.012626,0.013976,0.014608,0.01625,0.016605,0.016368,0.015283,0.014265,0.012931,0.011412,0.009808,0.0066705,0.0057365,0.0046821,0.0054872,0.0059036,0.0066705,0.0077346,0.0082383,0.0096316
0,0,0,0,0,0,0,0,0,0,0,0,0,0,0,0.00079061,0.0011868,0.0016737,0.0022173,0.0027595,0.0032262,0.0035433,0.0036557,0.0035433,0.0055865,0.0063028,0.0072141,0.0088201,0.010216,0.011537,0.012055,0.013543,0.013914,0.013666,0.012891,0.01174,0.010372,0.0089248,0.0074931,0.0046582,0.0040168,0.0032862,0.0043664,0.0048999,0.0057365,0.0068179,0.0075011,0.0087697
0,0,0,0,0,0,0,0,0,0,0,0,0,0,0,0.0011149,0.0016737,0.0023603,0.0031269,0.0038915,0.0045496,0.0049968,0.0051554,0.0049968,0.0066987,0.0071177,0.0076766,0.0083876,0.0091748,0.0098846,0.0096316,0.010464,0.010422,0.0098846,0.0089781,0.0078655,0.0066987,0.0055865,0.0045843,0.0023603,0.0021491,0.0023649,0.0041059,0.0049894,0.0061592,0.0075203,0.0085651,0.0098614
0,0,0,0,0,0,0,0,0,0,0,0,0,0,0,0.0014771,0.0022173,0.0031269,0.0041425,0.0051554,0.0060273,0.0066197,0.0068298,0.0066197,0.0078655,0.0079149,0.008034,0.0082823,0.0086333,0.0089781,0.0082383,0.0084999,0.0082383,0.0075011,0.006416,0.0051554,0.0038915,0.0027595,0.0018382,0,0,0.00079061,0.0026639,0.003891,0.0053442,0.006902,0.0083816,0.0095706
0,0,0,0,0,0,0,0,0,0,0,0,0,0,0,0.0018382,0.0027595,0.0038915,0.0051554,0.006416,0.0075011,0.0082383,0.0084999,0.0082383,0.0089781,0.0086333,0.0082823,0.008034,0.0079149,0.0078655,0.0066197,0.0068298,0.0066197,0.0060273,0.0051554,0.0041425,0.0031269,0.0022173,0.0014771,0,0,0.0011149,0.0027887,0.004034,0.0054872,0.0070184,0.0084412,0.0095465
0,0,0,0,0,0,0,0,0,0,0,0,0,0,0,0.0021491,0.0032262,0.0045496,0.0060273,0.0075011,0.0087697,0.0096316,0.0099373,0.0096316,0.0098846,0.0091748,0.0083876,0.0076766,0.0071177,0.0066987,0.0049968,0.0051554,0.0049968,0.0045496,0.0038915,0.0031269,0.0023603,0.0016737,0.0011149,0,0,0.0014771,0.0030079,0.0043138,0.0058162,0.0073727,0.0087868,0.010373
0.00079061,0.00052666,0,0,0,0,0,0,0,0,0,0,0,0,0,0.0023603,0.0035433,0.0049968,0.0066197,0.0082383,0.0096316,0.010578,0.010914,0.010578,0.010422,0.0094252,0.0082934,0.0072141,0.0063028,0.0055865,0.0035433,0.0036557,0.0035433,0.0032262,0.0027595,0.0022173,0.0016737,0.0011868,0.00079061,0,0,0.0018382,0.0032862,0.0046821,0.0062704,0.0078931,0.0093393,0.011178
0.0011868,0.00079061,0,0,0,0,0,0,0,0,0,0,0,0,0,0.0024352,0.0036557,0.0051554,0.0068298,0.0084999,0.0099373,0.010914,0.01126,0.010914,0.010464,0.0092905,0.0079448,0.0066325,0.005494,0.0045843,0.0023603,0.0024352,0.0023603,0.0021491,0.0018382,0.0014771,0.0011149,0.00079061,0.00052666,0,0,0.0021491,0.0032262,0.0045496,0.0060273,0.0075011,0.0087697,0.010747
0.0016737,0.0011149,0,0,0,0,0,0,0,0,0,0,0,0,0,0.0023603,0.0035433,0.0049968,0.0066197,0.0082383,0.0096316,0.010578,0.010914,0.010578,0.0096316,0.0082383,0.0066197,0.0049968,0.0035433,0.0023603,0,0,0,0,0,0,0,0,0,0,0,0.0023603,0.0035433,0.0049968,0.0066197,0.0082383,0.0096316,0.012055
0.0022173,0.0014771,0,0,0,0,0,0,0,0,0,0,0,0,0,0.0021491,0.0032262,0.0045496,0.0060273,0.0075011,0.0087697,0.0096316,0.0099373,0.0096316,0.0087697,0.0075011,0.0060273,0.0045496,0.0032262,0.0021491,0,0,0,0,0,0,0,0,0,0,0,0.0024352,0.0036557,0.0051554,0.0068298,0.0084999,0.0099373,0.012752
0.0027595,0.0018382,0,0,0,0,0,0,0,0,0,0,0,0,0,0.0018382,0.0032862,0.0046821,0.0062704,0.0078931,0.0093393,0.010387,0.01086,0.010674,0.0098614,0.0085651,0.0069936,0.0053686,0.0038744,0.0026288,0.00052666,0,0,0,0,0,0,0,0,0,0,0.0023603,0.0035433,0.0049968,0.0066197,0.0082383,0.0096316,0.012727
0.0032262,0.0021491,0,0,0,0,0,0,0,0,0,0,0,0,0,0.0014771,0.0030079,0.0043138,0.0058162,0.0073727,0.0087868,0.0098459,0.010373,0.010275,0.0095706,0.0083816,0.0074287,0.0061349,0.005006,0.004141,0.0026288,0.0021491,0.0023603,0.0024352,0.0023603,0.0021491,0.0018382,0.0014771,0.0011149,0.00079061,0.00052666,0.0021491,0.0032262,0.0045496,0.0060273,0.0075011,0.0087697,0.011992
