0,0,0,0,0,0,0,0,0,0,0,0,0,0,0,0,0,0,0,0,0,0,0,0,0,0,0,0,0,0,0,0,0,0,0,0,0,0,0,0,0,0,0,0,0,0,0,0
0,0,0,0,0,0,0,0,0,0,0,0,0,0,0,0,0,0,0,0,0,0,0,0,0,0,0,0,0,0,0,0,0,0,0,0,0,0,0,0,0,0,0,0,0,0,0,0
0,0,0,0,0,0,0,0,0,0,0,0,0,0,0,0,0,0,0,0,0,0,0,0,0,0,0,0,0,0,0,0,0,0,0,0,0,0,0,0,0,0,0,0,0,0,0,0
0,0,0,0,0,0,0,0,0,0,0,0,0,0,0,0,0,0,0,0,0,0,0,0,0,0,0,0,0,0,0,0,0,0,0,0,0,0,0,0,0,0,0,0,0,0,0,0
0,0,0,0,0,0,0,0,0,0,0,0,0,0,0,0,0,0,0,0,0,0,0,0,0,0,0,0,0,0,0,0,0,0,0,0,0,0,0,0,0,0,0,0,0,0,0,0
0,0,0,0,0,0,0,0,0,0,0,0,0,0,0,0,0,0,0,0,0,0,0,0,0,0,0,0,0,0,0,0,0,0,0,0,0,0,0,0,0,0,0,0,0,0,0,0
0,0,0,0,0,0,0,0,0,0,0,0,0,0,0,0,0,0,0,0,0,0,0,0,0,0,0,0,0,0,0,0,0,0,0,0,0,0,0,0,0,0,0,0,0,0,0,0
0,0,0,0,0,0,0,0,0,0,0,0,0,0,0,0,0,0,0,0,0,0,0,0,0,0,0,0,0,0,0,0,0,0,0,0,0,0,0,0,0,0,0,0.00052666,0.00079061,0.0011149,0.0014771,0.0018382
0,0,0,0,0,0,0,0,0,0,0,0,0,0,0,0,0,0,0,0,0,0,0,0,0,0,0,0,0,0,0,0,0,0,0,0,0,0,0,0,0,0,0,0.00079061,0.0011868,0.0016737,0.0022173,0.0027595
0,0,0,0,0,0,0,0,0,0,0,0,0,0,0,0,0,0,0,0,0,0,0,0,0,0,0,0,0,0,0,0,0,0,0,0,0,0,0,0,0,0,0,0.0011149,0.0016737,0.0023603,0.0031269,0.0038915
0,0,0,0,0,0,0,0,0,0,0,0,0,0,0,0,0,0,0,0,0,0,0,0,0,0,0,0,0,0,0,0,0,0,0,0,0,0,0,0,0,0,0,0.0014771,0.0022173,0.0031269,0.0041425,0.0051554
0,0,0,0,0,0,0,0,0,0,0,0,0,0,0,0,0,0,0,0,0,0,0,0,0,0,0,0,0,0,0,0,0,0,0,0,0,0,0,0,0,0,0,0.0018382,0.0027595,0.0038915,0.0051554,0.006416
0,0,0,0,0,0,0,0,0,0,0,0,0,0,0,0,0,0,0,0,0,0,0,0,0,0,0,0,0,0,0,0,0,0,0,0,0,0,0,0,0,0,0,0.0021491,0.0032262,0.0045496,0.0060273,0.0075011
0,0,0,0,0,0,0,0,0,0,0,0,0,0,0,0.00052666,0.00079061,0.0011149,0.0014771,0.0018382,0.0021491,0.0023603,0.0024352,0.0023603,0.0021491,0.0018382,0.0014771,0.0011149,0.00079061,0.00052666,0,0,0,0,0,0,0,0,0,0,0,0,0,0.0023603,0.0035433,0.0049968,0.0066197,0.0082383
0,0,0,0,0,0,0,0,0,0,0,0,0,0,0,0.00079061,0.0011868,0.0016737,0.0022173,0.0027595,0.0032262,0.0035433,0.0036557,0.0035433,0.0032262,0.0027595,0.0022173,0.0016737,0.0011868,0.00079061,0,0,0,0,0,0,0,0,0,0,0,0,0,0.0024352,0.0036557,0.0051554,0.0068298,0.0084999
0,0,0,0,0,0,0,0,0,0,0,0,0,0,0,0.0011149,0.0016737,0.0023603,0.0031269,0.0038915,0.0045496,0.0049968,0.0051554,0.0049968,0.0045496,0.0038915,0.0031269,0.0023603,0.0016737,0.0011149,0,0,0,0,0,0,0,0,0,0,0,0,0,0.0023603,0.0035433,0.0049968,0.0066197,0.0082383
0,0,0,0,0,0,0,0,0,0,0,0,0,0,0,0.0014771,0.0022173,0.0031269,0.0041425,0.0051554,0.0060273,0.0066197,0.0068298,0.0066197,0.0060273,0.0051554,0.0041425,0.0031269,0.0022173,0.0014771,0,0,0,0,0,0,0,0,0,0,0,0,0,0.0021491,0.0032262,0.0045496,0.0060273,0.0080278
0,0,0,0,0,0,0,0,0,0,0,0,0,0,0,0.0018382,0.0027595,0.0038915,0.0051554,0.006416,0.0075011,0.0082383,0.0084999,0.0082383,0.0075011,0.006416,0.0051554,0.0038915,0.0027595,0.0018382,0,0,0,0,0,0,0,0,0,0,0,0,0,0.0018382,0.0027595,0.0038915,0.0051554,0.0072066
0,0,0,0,0,0,0,0,0,0,0,0,0,0,0,0.0021491,0.0032262,0.0045496,0.0060273,0.0075011,0.0087697,0.0096316,0.0099373,0.0096316,0.0087697,0.0075011,0.0060273,0.0045496,0.0032262,0.0021491,0,0,0,0,0,0,0,0,0,0,0,0,0,0.0014771,0.0022173,0.0031269,0.0041425,0.0062704
0,0,0,0,0,0,0.00052666,0.00079061,0.0011149,0.0014771,0.0018382,0.0021491,0.0023603,0.0024352,0.0023603,0.0045094,0.0053815,0.0064739,0.0077346,0.009029,0.010158,0.010578,0.010914,0.010578,0.0096316,0.0082383,0.0066197,0.0049968,0.0035433,0.0023603,0,0,0,0,0,0,0,0,0,0,0,0,0,0.0011149,0.0016737,0.0023603,0.0031269,0.0053686
0,0,0,0,0,0,0.00079061,0.0011868,0.0016737,0.0022173,0.0027595,0.0032262,0.0035433,0.0036557,0.0035433,0.0056614,0.0064152,0.0073727,0.0085035,0.0096867,0.010728,0.010914,0.01126,0.010914,0.0099373,0.0084999,0.0068298,0.0051554,0.0036557,0.0024352,0,0,0,0,0,0,0,0,0,0,0,0,0,0.00079061,0.0011868,0.0016737,0.0022173,0.0045977
0,0,0,0,0,0,0.0011149,0.0016737,0.0023603,0.0031269,0.0038915,0.0045496,0.0049968,0.0051554,0.0049968,0.00691,0.0074348,0.0081237,0.00898,0.0099121,0.010747,0.010578,0.010914,0.010578,0.0096316,0.008765,0.0074103,0.0061117,0.0050203,0.0041985,0.0021491,0.0023603,0.0024352,0.0023603,0.0021491,0.0018382,0.0014771,0.0011149,0.00079061,0.00052666,0,0,0,0.00052666,0.00079061,0.0011149,0.0014771,0.0039873
0,0,0,0,0,0,0.0014771,0.0022173,0.0031269,0.0041425,0.0051554,0.0060273,0.0066197,0.0068298,0.0066197,0.0081764,0.0089083,0.0094828,0.010269,0.011195,0.012085,0.011781,0.012298,0.012067,0.01113,0.010441,0.0090524,0.0077004,0.0065584,0.0056992,0.0037528,0.0035433,0.0036557,0.0035433,0.0032262,0.0027595,0.0022173,0.0016737,0.0011868,0.00079061,0,0,0,0,0,0,0,0.0023603
0,0,0,0,0,0,0.0018382,0.0027595,0.0038915,0.0051554,0.006416,0.0075011,0.0082383,0.0084999,0.0082383,0.0093393,0.0099661,0.010234,0.010721,0.011393,0.012099,0.011465,0.012043,0.011894,0.011044,0.010757,0.0095886,0.0084692,0.0075601,0.0069166,0.0053403,0.0049968,0.0051554,0.0049968,0.0045496,0.0038915,0.0031269,0.0023603,0.0016737,0.0011149,0,0,0,0,0,0,0,0.0024352
0,0,0,0,0,0,0.0021491,0.0032262,0.0045496,0.0060273,0.0075011,0.0087697,0.0096316,0.0099373,0.0096316,0.010247,0.010833,0.010828,0.011052,0.011509,0.012068,0.011169,0.011827,0.011775,0.011024,0.011182,0.010251,0.0093808,0.0087201,0.0083062,0.0071422,0.0066197,0.0068298,0.0066197,0.0060273,0.0051554,0.0041425,0.0031269,0.0022173,0.0014771,0,0,0,0,0,0,0,0.0023603
0,0,0,0,0,0,0.0023603,0.0035433,0.0049968,0.0066197,0.0082383,0.0096316,0.010578,0.010914,0.010578,0.010747,0.011389,0.011197,0.011251,0.011577,0.012065,0.011024,0.011775,0.011827,0.011169,0.011757,0.011042,0.010394,0.0099561,0.0097483,0.0089781,0.0082383,0.0084999,0.0082383,0.0075011,0.006416,0.0051554,0.0038915,0.0027595,0.0018382,0,0,0,0,0,0,0,0.0021491
0,0,0,0,0,0,0.0024352,0.0036557,0.0051554,0.0068298,0.0084999,0.0099373,0.010914,0.01126,0.010914,0.010728,0.011525,0.011263,0.011264,0.011571,0.012077,0.011044,0.011894,0.012043,0.011465,0.01241,0.01186,0.011379,0.011106,0.011051,0.010608,0.0096316,0.0099373,0.0096316,0.0087697,0.0075011,0.0060273,0.0045496,0.0032262,0.0021491,0,0.00052666,0.00079061,0.0011149,0.0014771,0.0018382,0.0021491,0.0041985
0,0,0,0,0,0,0.0023603,0.0035433,0.0049968,0.0066197,0.0082383,0.0096316,0.010578,0.010914,0.010578,0.010158,0.011178,0.010961,0.011024,0.011409,0.012011,0.01113,0.012067,0.012298,0.011781,0.012968,0.012521,0.012139,0.01196,0.011991,0.011781,0.011105,0.011705,0.011693,0.011109,0.010077,0.0087688,0.0073571,0.0059785,0.0047206,0.0021491,0.0026288,0.0026639,0.0027887,0.0035346,0.0040768,0.0043411,0.0064974
0.0021491,0.0018382,0.0014771,0.0011149,0.00079061,0.00052666,0.0021491,0.0032262,0.0045496,0.0060273,0.0075011,0.0087697,0.0096316,0.0099373,0.0096316,0.0087697,0.0098614,0.0095706,0.0095465,0.0098459,0.010387,0.0096316,0.011105,0.011705,0.011693,0.013544,0.013732,0.013924,0.014187,0.014478,0.014658,0.013854,0.014286,0.014065,0.01327,0.01205,0.010583,0.0086987,0.0073115,0.0059785,0.0032262,0.0038744,0.003891,0.004034,0.0051044,0.005869,0.0062234,0.0083291
0.0032262,0.0032862,0.0030079,0.0027887,0.0026639,0.0026288,0.0039873,0.0051198,0.0063268,0.0075157,0.0085651,0.0093393,0.0097154,0.0096148,0.009029,0.0080278,0.0088513,0.0088112,0.0090469,0.0095893,0.010338,0.0099373,0.011705,0.012447,0.012588,0.014515,0.014803,0.015053,0.015318,0.01555,0.01561,0.014919,0.015347,0.015156,0.014432,0.013317,0.01196,0.0099936,0.0086987,0.0073571,0.0045496,0.0053686,0.0053442,0.0054872,0.0069312,0.0079441,0.0083876,0.010537
0.0045496,0.0046821,0.0043138,0.004034,0.003891,0.0038744,0.0047032,0.0057606,0.0073093,0.0084764,0.0094965,0.010264,0.010675,0.010653,0.010167,0.0092532,0.0098761,0.0098349,0.009962,0.010314,0.01083,0.010422,0.01222,0.012588,0.012939,0.014908,0.015356,0.015719,0.016021,0.0162,0.016127,0.015658,0.016046,0.015885,0.015272,0.01433,0.01317,0.011169,0.010056,0.0087688,0.0060273,0.0069936,0.006902,0.0070184,0.0088498,0.01011,0.010628,0.012907
0.0060273,0.0062704,0.0058162,0.0054872,0.0053442,0.0053686,0.0056646,0.0066705,0.0083064,0.0093106,0.010115,0.010658,0.010883,0.010742,0.010214,0.0093203,0.0095839,0.0095793,0.0096695,0.0099183,0.01029,0.0099565,0.011899,0.012155,0.012759,0.01475,0.015416,0.015946,0.016325,0.016472,0.01627,0.016104,0.016415,0.016272,0.015783,0.015049,0.014134,0.01213,0.011259,0.010077,0.0075011,0.0085651,0.0083816,0.0084412,0.010625,0.012099,0.012661,0.014787
