0,0,0,0,0,0,0,0,0.00079061,0.0011868,0.0016737,0.0022173,0.0027595,0.0032262,0.0035433,0.0047707,0.005217,0.0055865,0.0058864,0.0061088,0.0062234,0.0061837,0.005946,0.0049968,0.0045496,0.0038915,0.0031269,0.0023603,0.0016737,0.0011149,0,0,0,0,0,0,0,0,0,0,0,0,0,0,0,0,0,0
0,0,0,0,0,0,0,0,0.00052666,0.00079061,0.0011149,0.0014771,0.0018382,0.0021491,0.0023603,0.0032259,0.0035472,0.0038228,0.0040555,0.0042366,0.0043411,0.0043339,0.0041824,0.0035433,0.0032262,0.0027595,0.0022173,0.0016737,0.0011868,0.00079061,0,0,0,0,0,0,0,0,0,0,0,0,0,0,0,0,0,0
0.0011149,0.00079061,0.00052666,0,0,0,0,0,0,0,0,0,0,0,0,0.00052666,0.00079061,0.0011149,0.0014771,0.0018382,0.0021491,0.0023603,0.0024352,0.0023603,0.0021491,0.0018382,0.0014771,0.0011149,0.00079061,0.00052666,0,0,0,0,0,0,0,0,0,0,0,0,0,0,0,0,0,0
0.0016737,0.0011868,0.00079061,0,0,0,0,0,0,0,0,0,0,0,0,0,0,0,0,0,0,0,0,0,0,0,0,0,0,0,0,0,0,0,0,0,0,0,0,0,0,0,0,0,0,0,0,0
0.0023603,0.0016737,0.0011149,0,0,0,0,0,0,0,0,0,0,0,0,0,0,0,0,0,0,0,0,0,0,0,0,0,0,0,0,0,0,0,0,0,0,0,0,0,0,0,0,0,0,0,0,0
0.005276,0.0040555,0.0029541,0.0011149,0.00079061,0.00052666,0,0,0,0,0,0,0,0,0,0,0,0,0,0,0,0,0,0,0,0,0,0,0,0,0,0,0,0,0,0,0,0,0,0,0,0,0,0,0,0,0,0
0.0071177,0.005519,0.0040555,0.0016737,0.0011868,0.00079061,0,0,0,0,0,0,0.00052666,0.00079061,0.0011149,0.0014771,0.0018382,0.0021491,0.0023603,0.0024352,0.0023603,0.0021491,0.0018382,0.0014771,0.0011149,0.00079061,0.00052666,0,0,0,0,0,0,0,0,0,0,0,0,0,0,0,0,0,0,0,0,0
0.0090993,0.0071177,0.005276,0.0023603,0.0016737,0.0011149,0,0,0,0,0,0,0.00079061,0.0011868,0.0016737,0.0022173,0.0027595,0.0032262,0.0035433,0.0036557,0.0035433,0.0032262,0.0027595,0.0022173,0.0016737,0.0011868,0.00079061,0,0,0,0,0,0,0,0,0,0,0,0,0,0,0,0,0,0,0,0,0
0.013384,0.010848,0.008341,0.004604,0.0033323,0.0022677,0.00052666,0,0,0,0,0,0.0011149,0.0016737,0.0023603,0.0031269,0.0038915,0.0045496,0.0049968,0.0051554,0.0049968,0.0045496,0.0038915,0.0031269,0.0023603,0.0016737,0.0011149,0,0,0,0,0,0,0,0,0,0,0,0,0,0,0,0,0,0,0,0,0
0.0162,0.013298,0.01035,0.0061088,0.0044332,0.0030251,0.00079061,0,0,0,0,0,0.0014771,0.0022173,0.0031269,0.0041425,0.0051554,0.0060273,0.0066197,0.0068298,0.0066197,0.0060273,0.0051554,0.0041425,0.0031269,0.0022173,0.0014771,0,0,0,0,0,0,0,0,0,0,0,0,0,0,0,0,0,0,0,0,0
0.018763,0.015594,0.012279,0.0076766,0.0055865,0.0038228,0.0011149,0,0,0,0,0,0.0018382,0.0027595,0.0038915,0.0051554,0.006416,0.0075011,0.0082383,0.0084999,0.0082383,0.0075011,0.006416,0.0051554,0.0038915,0.0027595,0.0018382,0,0,0,0,0,0,0,0,0,0,0,0,0,0,0,0,0,0,0,0,0
0.020801,0.017492,0.013924,0.0091393,0.0066702,0.0045776,0.0014771,0,0,0,0,0,0.0021491,0.0032262,0.0045496,0.0060273,0.0075011,0.0087697,0.0096316,0.0099373,0.0096316,0.0087697,0.0080278,0.0068179,0.0056646,0.0047032,0.0039873,0.0021491,0.0023603,0.0024352,0.0023603,0.0021491,0.0018382,0.0014771,0.0011149,0.00079061,0.00052666,0,0,0,0,0,0,0,0,0,0,0
0.022067,0.01876,0.015084,0.010838,0.0083379,0.0063097,0.0033153,0.0018382,0.0021491,0.0023603,0.0024352,0.0023603,0.0045094,0.0053815,0.0064739,0.0077346,0.009029,0.010158,0.010578,0.010914,0.010578,0.0096316,0.009029,0.0083332,0.0074611,0.0068755,0.0065969,0.0050644,0.0056924,0.0060161,0.0059785,0.0055865,0.0049086,0.0040555,0.0031508,0.0023018,0.0015812,0.00052666,0,0,0,0,0,0,0,0,0,0
0.02239,0.019225,0.015598,0.011815,0.0092798,0.0072602,0.0043664,0.0027595,0.0032262,0.0035433,0.0036557,0.0035433,0.0056614,0.0064152,0.0073727,0.0085035,0.0096867,0.010728,0.010914,0.01126,0.010914,0.0099373,0.0096148,0.0092942,0.0087026,0.0084564,0.0085441,0.0073091,0.008223,0.0086987,0.0086525,0.0080929,0.0071177,0.0058864,0.0045776,0.0033474,0.0023018,0.00079061,0,0,0,0,0,0,0,0,0,0
0.021708,0.018806,0.015381,0.012284,0.0098967,0.0080527,0.0054872,0.0038915,0.0045496,0.0049968,0.0051554,0.0049968,0.00691,0.0074348,0.0081237,0.00898,0.0099121,0.010747,0.010578,0.010914,0.010578,0.0096316,0.0097154,0.009952,0.0097974,0.010046,0.010643,0.0099188,0.011169,0.011827,0.011775,0.011024,0.0097051,0.008034,0.0062538,0.0045776,0.0031508,0.0011149,0,0,0,0,0,0,0,0,0,0
0.020089,0.01754,0.014446,0.012198,0.010132,0.0086209,0.0065777,0.0051554,0.0060273,0.0066197,0.0068298,0.0066197,0.0081764,0.0083816,0.0086921,0.0091542,0.0097184,0.010247,0.0096316,0.0099373,0.0096316,0.0087697,0.0093393,0.010264,0.010658,0.011509,0.012708,0.012657,0.014266,0.01512,0.015068,0.014121,0.012443,0.010311,0.008034,0.0058864,0.0040555,0.0014771,0,0,0,0,0,0,0,0,0,0
0.01772,0.015578,0.012907,0.011585,0.0099736,0.0089118,0.0075157,0.006416,0.0075011,0.0082383,0.0084999,0.0082383,0.0093393,0.0091755,0.0090469,0.0090469,0.0091755,0.0093393,0.0082383,0.0084999,0.0082383,0.0075011,0.0085651,0.01022,0.011201,0.012678,0.014495,0.015186,0.017133,0.018176,0.018131,0.017008,0.015002,0.012443,0.0097051,0.0071177,0.0049086,0.0018382,0,0,0,0,0,0,0,0,0,0
0.014181,0.012661,0.010628,0.010537,0.0094495,0.0088908,0.0081764,0.0075011,0.0087697,0.0096316,0.0099373,0.0096316,0.010247,0.0097184,0.0091542,0.0086921,0.0083816,0.0081764,0.0066197,0.0068298,0.0066197,0.0060273,0.0075157,0.0098349,0.01135,0.013387,0.015743,0.017133,0.019348,0.020546,0.020516,0.019263,0.017008,0.014121,0.011024,0.0080929,0.0055865,0.0021491,0,0,0,0,0,0,0,0,0,0
0.011465,0.010261,0.0086333,0.0091895,0.0086216,0.0085469,0.0084579,0.0082383,0.0096316,0.010578,0.010914,0.010578,0.010747,0.0099121,0.00898,0.0081237,0.0074348,0.00691,0.0049968,0.0051554,0.0049968,0.0045496,0.0063268,0.009143,0.011059,0.0135,0.016234,0.018176,0.020546,0.021839,0.021828,0.020516,0.018131,0.015068,0.011775,0.0086525,0.0059785,0.0023603,0,0,0,0,0,0,0,0,0,0
0.0087688,0.0078655,0.0066325,0.0076927,0.0075733,0.0078994,0.0083069,0.0084999,0.0099373,0.010914,0.01126,0.010914,0.010728,0.0096867,0.0085035,0.0073727,0.0064152,0.0056614,0.0035433,0.0036557,0.0035433,0.0032262,0.0051198,0.0081958,0.010326,0.012962,0.015859,0.018131,0.020516,0.021828,0.021839,0.020546,0.018176,0.01512,0.011827,0.0086987,0.0060161,0.0024352,0,0,0,0,0,0,0,0,0,0
0.0049968,0.0045496,0.0038915,0.0054872,0.0064303,0.0074611,0.0088496,0.0097154,0.01147,0.012727,0.013274,0.013013,0.012519,0.011178,0.0095729,0.0079509,0.0064964,0.0053,0.002887,0.0024352,0.0023603,0.0021491,0.0039873,0.0070636,0.0092078,0.011815,0.014647,0.017008,0.019263,0.020516,0.020546,0.019348,0.017133,0.014266,0.011169,0.008223,0.0056924,0.0023603,0,0,0,0,0,0,0,0,0,0
0.0035433,0.0032262,0.0027595,0.0043664,0.0056905,0.0069233,0.0084916,0.0097184,0.011529,0.012858,0.013481,0.013287,0.012313,0.010727,0.0087868,0.006767,0.0048999,0.0033359,0.00079061,0,0,0,0.0018382,0.0049086,0.0071177,0.0097051,0.012443,0.015002,0.017008,0.018131,0.018176,0.017133,0.015186,0.012657,0.0099188,0.0073091,0.0050644,0.0021491,0,0,0,0,0,0,0,0,0,0
0.0023603,0.0021491,0.0018382,0.0033153,0.0049894,0.0063558,0.0080424,0.0095429,0.011393,0.012788,0.013497,0.013394,0.012498,0.010966,0.0090469,0.0070184,0.0051198,0.0035119,0.0011149,0,0,0,0.0014771,0.0040555,0.0058864,0.008034,0.010311,0.012443,0.014121,0.015068,0.01512,0.014266,0.012657,0.010559,0.0082823,0.0061088,0.0042366,0.0018382,0.00052666,0.00079061,0.0011149,0.0014771,0.0018382,0.0021491,0.0023603,0.0024352,0.0023603,0.0021491
0,0,0,0.0014771,0.0036944,0.0053442,0.0072694,0.0092979,0.011183,0.012647,0.013976,0.01424,0.013762,0.01266,0.011136,0.0094185,0.0077046,0.0061296,0.0038374,0.0021491,0.0018382,0.0014771,0.0022299,0.0039414,0.0051043,0.0062538,0.008034,0.0097051,0.011024,0.011775,0.011827,0.011169,0.0099188,0.0082823,0.0065028,0.0048006,0.0033323,0.0014771,0.00079061,0.0011868,0.0016737,0.0022173,0.0027595,0.0032262,0.0035433,0.0036557,0.0035433,0.0032262
0,0,0,0.0011149,0.0035119,0.0051198,0.0070184,0.0090469,0.010966,0.012498,0.014184,0.014684,0.014462,0.01361,0.012302,0.010742,0.0091085,0.0075302,0.0053815,0.0032262,0.0027595,0.0022173,0.0024643,0.0034886,0.0041381,0.0045776,0.0058864,0.0071177,0.0080929,0.0086525,0.0086987,0.008223,0.0073091,0.0061088,0.0048006,0.0035472,0.0024643,0.0011149,0.0011149,0.0016737,0.0023603,0.0031269,0.0038915,0.0045496,0.0049968,0.0051554,0.0049968,0.0045496
0,0,0,0.00079061,0.0033359,0.0048999,0.006767,0.0087868,0.010727,0.012313,0.014402,0.015154,0.015218,0.014656,0.01361,0.012251,0.010733,0.0091722,0.0071459,0.0045496,0.0038915,0.0031269,0.002887,0.0032549,0.0034167,0.0031508,0.0040555,0.0049086,0.0055865,0.0059785,0.0060161,0.0056924,0.0050644,0.0042366,0.0033323,0.0024643,0.0017135,0.00079061,0.0014771,0.0022173,0.0031269,0.0041425,0.0051554,0.0060273,0.0066197,0.0068298,0.0066197,0.0060273
0,0,0,0.00052666,0.0031509,0.0046582,0.0064739,0.0084579,0.010387,0.011992,0.014491,0.015492,0.015854,0.015612,0.014871,0.013762,0.012407,0.0109,0.00898,0.0060273,0.0051554,0.0041425,0.0031269,0.002744,0.0022677,0.0011149,0.0014771,0.0018382,0.0021491,0.0023603,0.0024352,0.0023603,0.0021491,0.0018382,0.0014771,0.0011149,0.00079061,0.00052666,0.0018382,0.0027595,0.0038915,0.0051554,0.006416,0.0075011,0.0082383,0.0084999,0.0082383,0.0075011
0,0,0,0,0.0024352,0.0036557,0.0051554,0.0068298,0.0084999,0.0099373,0.012752,0.01402,0.014806,0.015093,0.014916,0.014331,0.013394,0.012156,0.010674,0.0075011,0.006416,0.0051554,0.0038915,0.0027595,0.0018382,0,0,0,0,0,0,0,0,0,0,0,0,0,0.0021491,0.0032262,0.0045496,0.0060273,0.0075011,0.0087697,0.0096316,0.0099373,0.0096316,0.0087697
0,0,0,0,0.0023603,0.0035433,0.0049968,0.0066197,0.0082383,0.0096316,0.012727,0.01414,0.015128,0.015659,0.015739,0.015389,0.014628,0.013481,0.011992,0.0087697,0.0075011,0.0060273,0.0045496,0.0032262,0.0021491,0,0,0,0,0,0,0,0,0,0,0,0,0,0.0023603,0.0035433,0.0049968,0.0066197,0.0082383,0.0096316,0.010578,0.010914,0.010578,0.0096316
0.0018382,0.0014771,0.0011149,0.00079061,0.0026758,0.0032262,0.0045496,0.0060273,0.0075011,0.0087697,0.011992,0.013481,0.014628,0.015389,0.015739,0.015659,0.015128,0.01414,0.012727,0.0096316,0.0082383,0.0066197,0.0049968,0.0035433,0.0023603,0,0,0,0,0,0,0,0,0,0,0,0,0,0.0024352,0.0036557,0.0051554,0.0068298,0.0084999,0.0099373,0.010914,0.01126,0.010914,0.0099373
0.0027595,0.0022173,0.0016737,0.0011868,0.0026288,0.0027595,0.0038915,0.0051554,0.006416,0.0075011,0.010674,0.012156,0.013394,0.014331,0.014916,0.015093,0.014806,0.01402,0.012752,0.0099373,0.0084999,0.0068298,0.0051554,0.0036557,0.0024352,0,0,0,0,0,0,0,0,0,0,0,0,0,0.0023603,0.0035433,0.0049968,0.0066197,0.0082383,0.0096316,0.010578,0.010914,0.010578,0.0096316
0.0038915,0.0031269,0.0023603,0.0016737,0.002592,0.0022173,0.0031269,0.0041425,0.0051554,0.0060273,0.00898,0.010373,0.011617,0.012647,0.013394,0.013774,0.013705,0.013131,0.012055,0.0096316,0.0082383,0.0066197,0.0049968,0.0035433,0.0023603,0,0,0,0,0,0,0,0,0,0,0,0,0,0.0021491,0.0032262,0.0045496,0.0060273,0.0075011,0.0087697,0.0096316,0.0099373,0.0096316,0.0087697
