0.0060273,0.0045496,0.0050644,0.0049086,0.0038915,0.0051554,0.006416,0.0075011,0.008765,0.0092905,0.0093533,0.010455,0.010472,0.010431,0.010394,0.01035,0.010226,0.0087688,0.008668,0.0080967,0.0071422,0.0083064,0.0082124,0.0081237,0.008837,0.0097154,0.0096316,0.010578,0.010914,0.012416,0.012391,0.01213,0.011775,0.011413,0.011044,0.010599,0.0084999,0.0082383,0.0075011,0.006416,0.0051554,0.0038915,0.0027595,0.0018382,0,0,0,0
0.0051554,0.0038915,0.0049086,0.0050644,0.0045496,0.0060273,0.0075011,0.0087697,0.010422,0.011124,0.011305,0.012102,0.011934,0.011614,0.01122,0.010773,0.010242,0.008223,0.0079149,0.0072141,0.0062234,0.0072275,0.0071437,0.00691,0.007701,0.008616,0.0087697,0.0096316,0.0099373,0.011109,0.010987,0.010628,0.01017,0.0097051,0.0092535,0.0087688,0.0068298,0.0066197,0.0060273,0.0051554,0.0041425,0.0031269,0.0022173,0.0014771,0.00052666,0.00079061,0.0011149,0.0014771
0.0041425,0.0031269,0.0045776,0.0050203,0.0049968,0.0066197,0.0082383,0.0096316,0.011693,0.012588,0.012939,0.013549,0.013317,0.012843,0.012211,0.011458,0.010583,0.0080929,0.0075473,0.0066702,0.0055865,0.0062714,0.0060918,0.0055652,0.0063423,0.0072066,0.0075011,0.0082383,0.0084999,0.0093533,0.0091748,0.0087764,0.0082823,0.007783,0.0073091,0.006835,0.0051554,0.0049968,0.0045496,0.0038915,0.0031269,0.0023603,0.0016737,0.0011149,0.00079061,0.0011868,0.0016737,0.0022173
0.0031269,0.0023603,0.004109,0.0047707,0.0051554,0.0068298,0.0084999,0.0099373,0.012391,0.013478,0.014041,0.014606,0.014446,0.013972,0.013252,0.01285,0.011995,0.0095026,0.0090677,0.008341,0.0074251,0.0078929,0.0076067,0.0066022,0.0070822,0.0075203,0.0075044,0.0077346,0.0076204,0.007937,0.0072141,0.0068291,0.0063598,0.0058864,0.0054435,0.0050203,0.0036557,0.0035433,0.0032262,0.0027595,0.0022173,0.0016737,0.0011868,0.00079061,0.0011149,0.0016737,0.0023603,0.0031269
0.0022173,0.0016737,0.0035472,0.0043339,0.0049968,0.0066197,0.0082383,0.0096316,0.012416,0.013674,0.01447,0.014787,0.014654,0.014121,0.013235,0.012834,0.011786,0.0091748,0.0086333,0.0079149,0.0071177,0.0074177,0.0071677,0.0059036,0.0063531,0.006651,0.006767,0.0066705,0.0063423,0.0063141,0.0053403,0.0050065,0.004604,0.0041985,0.0038228,0.0034753,0.0024352,0.0023603,0.0021491,0.0018382,0.0014771,0.0011149,0.00079061,0.00052666,0.0014771,0.0022173,0.0031269,0.0041425
0.0014771,0.0011149,0.0029397,0.0037528,0.0045496,0.0060273,0.0075011,0.0087697,0.011781,0.013164,0.014181,0.014797,0.015002,0.014797,0.014181,0.014278,0.013454,0.01113,0.010628,0.0099188,0.0090993,0.0090136,0.0084914,0.0066705,0.006767,0.006651,0.0063531,0.0059036,0.0053295,0.0046582,0.0032262,0.0027595,0.0022173,0.0016737,0.0011868,0.00079061,0,0,0,0,0,0,0,0,0.0018382,0.0027595,0.0038915,0.0051554
0,0,0.0018382,0.0027595,0.0038915,0.0051554,0.006416,0.0075011,0.010599,0.012043,0.013235,0.014121,0.014654,0.014787,0.01447,0.015151,0.014634,0.012759,0.012381,0.011775,0.011024,0.01069,0.0099808,0.0077346,0.0075044,0.0069936,0.0062916,0.0054872,0.0046526,0.0038374,0.0021491,0.0018382,0.0014771,0.0011149,0.00079061,0.00052666,0,0,0,0,0,0,0,0,0.0021491,0.0032262,0.0045496,0.0060273
0,0,0.0014771,0.0022173,0.0031269,0.0041425,0.0051554,0.0060273,0.0090549,0.010486,0.011775,0.012857,0.013655,0.01408,0.014041,0.015316,0.015151,0.013829,0.013655,0.013246,0.012657,0.011894,0.010935,0.0082383,0.0075011,0.006416,0.0051554,0.0038915,0.0027595,0.0018382,0,0,0,0,0,0,0,0,0,0,0,0,0,0,0.0023603,0.0035433,0.0049968,0.0066197
0.0023603,0.0024352,0.0034753,0.0038228,0.0041985,0.004604,0.0050065,0.0053403,0.0078838,0.0086987,0.0099936,0.011169,0.01213,0.012759,0.012939,0.014737,0.014919,0.014181,0.014266,0.014121,0.013766,0.013175,0.012298,0.0096316,0.0087697,0.0075011,0.0060273,0.0045496,0.0032262,0.0021491,0,0,0,0,0,0,0,0,0,0,0,0,0,0,0.0024352,0.0036557,0.0051554,0.0068298
0.0035433,0.0036557,0.0043339,0.004413,0.0044332,0.0044346,0.0044332,0.004413,0.006483,0.0068819,0.0080929,0.0092535,0.010261,0.010987,0.011305,0.013485,0.013965,0.013766,0.014121,0.014266,0.014181,0.013804,0.013063,0.010578,0.0096316,0.0082383,0.0066197,0.0049968,0.0035433,0.0023603,0,0,0,0,0,0,0,0,0,0,0,0,0,0,0.0023603,0.0035433,0.0049968,0.0066197
0.0049968,0.0051554,0.0055235,0.0053403,0.0055331,0.0053946,0.0053135,0.0052999,0.0071517,0.0073438,0.0086122,0.0097398,0.010615,0.011127,0.011192,0.013203,0.013536,0.013447,0.013773,0.013655,0.013829,0.013674,0.013099,0.010914,0.0099373,0.0084999,0.0068298,0.0051554,0.0036557,0.0024352,0,0,0,0,0,0,0,0,0,0,0,0,0,0,0.0021491,0.0032262,0.0045496,0.0060273
0.0066197,0.0068298,0.0066197,0.0060273,0.005946,0.0053293,0.0048006,0.0044346,0.0057136,0.0054435,0.0066702,0.0077982,0.0086987,0.0092535,0.0093792,0.011407,0.011837,0.012211,0.012566,0.012381,0.012759,0.012796,0.012391,0.010578,0.0096316,0.0082383,0.0066197,0.0049968,0.0035433,0.0023603,0,0,0,0,0,0,0,0,0,0,0,0,0,0,0.0018382,0.0027595,0.0038915,0.0051554
0.0082383,0.0084999,0.0082383,0.0075011,0.007531,0.0068291,0.0062518,0.0058864,0.0068447,0.0062234,0.0073571,0.0082823,0.0088883,0.0090993,0.0088883,0.010431,0.010583,0.010773,0.011034,0.010628,0.01113,0.011305,0.011052,0.0096316,0.0087697,0.0075011,0.0060273,0.0045496,0.0032262,0.0021491,0,0,0,0,0,0,0,0,0,0,0,0,0,0,0.0014771,0.0022173,0.0031269,0.0041425
0.0096316,0.0099373,0.0096316,0.0087697,0.0089781,0.0082446,0.0076766,0.0073687,0.0080951,0.0072141,0.0082934,0.0090471,0.0093792,0.0092535,0.0086987,0.0096365,0.0094297,0.009335,0.009392,0.0086333,0.0091748,0.0094252,0.0092905,0.0082383,0.0075011,0.006416,0.0051554,0.0038915,0.0027595,0.0018382,0,0,0,0,0,0,0,0,0,0,0,0,0,0,0.0011149,0.0016737,0.0023603,0.0031269
0.010578,0.010914,0.010578,0.0096316,0.010077,0.0093792,0.0088883,0.0086987,0.009303,0.0082917,0.0093533,0.0099769,0.010077,0.0096502,0.0087764,0.0090677,0.0084692,0.0080355,0.0078189,0.0066325,0.0071422,0.0074103,0.0073565,0.0066197,0.0060273,0.0051554,0.0041425,0.0031269,0.0022173,0.0014771,0,0,0,0,0,0,0,0,0,0,0,0,0,0,0.00079061,0.0011868,0.0016737,0.0022173
0.010914,0.01126,0.010914,0.0099373,0.010649,0.010056,0.0097051,0.009683,0.0099363,0.0087697,0.0096316,0.0099373,0.0096316,0.0087697,0.0075011,0.0071422,0.0062234,0.0055865,0.005276,0.0038915,0.0045496,0.0049968,0.0051554,0.0049968,0.0045496,0.0038915,0.0031269,0.0023603,0.0016737,0.0011149,0,0,0,0,0,0,0,0,0,0,0,0,0,0,0.00052666,0.00079061,0.0011149,0.0014771
0.010578,0.010914,0.010578,0.0096316,0.010599,0.010163,0.0099936,0.010163,0.010599,0.0096316,0.010578,0.010914,0.010578,0.0096316,0.0082383,0.0074103,0.0061837,0.005217,0.0045776,0.0027595,0.0032262,0.0035433,0.0036557,0.0035433,0.0032262,0.0027595,0.0022173,0.0016737,0.0011868,0.00079061,0,0,0,0,0,0,0,0,0,0,0,0,0,0,0,0,0,0
0.011996,0.011414,0.010747,0.0095603,0.010463,0.009683,0.0097051,0.010056,0.010649,0.0099373,0.010914,0.01126,0.010914,0.0099373,0.0084999,0.0073565,0.005946,0.0047707,0.0039123,0.0018382,0.0021491,0.0023603,0.0024352,0.0023603,0.0021491,0.0018382,0.0014771,0.0011149,0.00079061,0.00052666,0,0,0,0,0,0,0,0,0,0,0,0,0,0,0,0,0,0
0.011788,0.010717,0.0099121,0.0086879,0.009567,0.0086987,0.0088883,0.0093792,0.010077,0.0096316,0.010578,0.010914,0.010578,0.0096316,0.0082383,0.0066197,0.0049968,0.0035433,0.0023603,0,0,0,0,0,0,0,0,0,0,0,0,0,0,0,0,0,0,0,0,0,0,0,0,0,0,0,0,0
0.011626,0.0099567,0.00898,0.007701,0.0084195,0.0073687,0.0076766,0.0082446,0.0089781,0.0087697,0.0096316,0.0099373,0.0096316,0.0087697,0.0075011,0.0060273,0.0045496,0.0032262,0.0021491,0,0,0,0,0,0,0,0,0,0,0,0,0,0,0,0,0,0,0,0,0,0,0,0,0,0,0,0,0
0.011629,0.0092979,0.0081237,0.006767,0.0072068,0.0058864,0.0062518,0.0068291,0.007531,0.0075011,0.0082383,0.0084999,0.0082383,0.0075011,0.006416,0.0051554,0.0038915,0.0027595,0.0018382,0,0,0,0,0,0,0,0,0,0,0,0,0,0,0,0,0,0,0,0,0,0,0,0,0,0,0,0,0
0.011798,0.0088112,0.0074348,0.0059857,0.0060748,0.0044346,0.0048006,0.0053293,0.005946,0.0060273,0.0066197,0.0068298,0.0066197,0.0060273,0.0051554,0.0041425,0.0031269,0.0022173,0.0014771,0,0,0,0,0,0,0,0,0,0,0,0,0,0,0,0,0,0,0,0,0,0,0,0,0,0,0,0,0
0.012011,0.0084625,0.00691,0.0053753,0.0051023,0.0031508,0.0034753,0.0039175,0.0044182,0.0045496,0.0049968,0.0051554,0.0049968,0.0045496,0.0038915,0.0031269,0.0023603,0.0022004,0.0019055,0.0011149,0.0014771,0.0018382,0.0021491,0.0023603,0.0024352,0.0023603,0.0021491,0.0018382,0.0014771,0.0011149,0.00079061,0.00052666,0,0,0,0,0,0,0,0,0,0,0,0,0,0,0,0
0.010599,0.0066197,0.0049968,0.0035433,0.0031509,0.0011868,0.0016737,0.0022173,0.0027595,0.0032262,0.0035433,0.0036557,0.0035433,0.0032262,0.0027595,0.0022173,0.0016737,0.0019775,0.0019775,0.0016737,0.0022173,0.0027595,0.0032262,0.0035433,0.0036557,0.0035433,0.0032262,0.0027595,0.0022173,0.0016737,0.0011868,0.00079061,0,0,0,0,0,0,0,0,0,0,0,0,0,0,0,0
0.01337,0.0091901,0.0073045,0.005494,0.004439,0.0019055,0.0019055,0.0020037,0.0018382,0.0021491,0.0023603,0.0024352,0.0023603,0.0021491,0.0018382,0.0014771,0.0011149,0.0019055,0.0022004,0.0023603,0.0031269,0.0038915,0.0045496,0.0049968,0.0051554,0.0049968,0.0045496,0.0038915,0.0031269,0.0023603,0.0016737,0.0011149,0,0,0,0,0,0,0,0,0,0,0,0,0,0,0,0
0.014254,0.010163,0.008223,0.0063028,0.0045776,0.0016737,0.0011868,0.00079061,0,0,0,0,0,0,0,0,0,0.0014771,0.0022173,0.0031269,0.0041425,0.0051554,0.0060273,0.0066197,0.0068298,0.0066197,0.0060273,0.0051554,0.0041425,0.0031269,0.0022173,0.0014771,0,0,0,0,0,0,0,0,0,0,0,0,0,0,0,0
0.014806,0.011024,0.0090993,0.0071177,0.005276,0.0023603,0.0016737,0.0011149,0,0,0,0,0,0,0,0,0,0.0018382,0.0027595,0.0038915,0.0051554,0.006416,0.0075011,0.0082383,0.0084999,0.0082383,0.0075011,0.006416,0.0051554,0.0038915,0.0027595,0.0018382,0,0,0,0,0,0,0,0,0,0,0,0,0,0,0,0
0.015084,0.011775,0.0099188,0.0079149,0.0059807,0.0031269,0.0022173,0.0014771,0,0,0,0,0,0,0,0,0,0.0021491,0.0032262,0.0045496,0.0060273,0.0075011,0.0087697,0.0096316,0.0099373,0.0096316,0.0087697,0.0075011,0.0060273,0.0045496,0.0032262,0.0021491,0,0,0,0,0,0,0,0,0,0,0,0,0,0,0,0
0.015132,0.012381,0.010628,0.0086333,0.0066325,0.0038915,0.0027595,0.0018382,0,0,0,0,0,0,0,0,0,0.0023603,0.0035433,0.0049968,0.0066197,0.0082383,0.0096316,0.010578,0.010914,0.010578,0.0096316,0.0082383,0.0066197,0.0049968,0.0035433,0.0023603,0,0,0,0,0,0,0,0,0,0,0,0,0,0,0,0
0.014944,0.012759,0.01113,0.0091748,0.0071422,0.0045496,0.0032262,0.0021491,0,0,0,0,0,0,0,0,0,0.0024352,0.0036557,0.0051554,0.0068298,0.0084999,0.0099373,0.010914,0.01126,0.010914,0.0099373,0.0084999,0.0068298,0.0051554,0.0036557,0.0024352,0,0,0,0,0,0,0,0,0,0,0,0,0,0,0,0
0.014464,0.012796,0.011305,0.0094252,0.0074103,0.0049968,0.0035433,0.0023603,0,0,0,0,0,0,0,0,0,0.0023603,0.0035433,0.0049968,0.0066197,0.0082383,0.0096316,0.010578,0.010914,0.010578,0.0096316,0.0082383,0.0066197,0.0049968,0.0035433,0.0023603,0,0,0,0,0,0,0,0,0,0,0,0,0,0,0,0
0.013625,0.012391,0.011052,0.0092905,0.0073565,0.0051554,0.0036557,0.0024352,0,0,0,0,0,0,0,0,0,0.0021491,0.0032262,0.0045496,0.0060273,0.0075011,0.0087697,0.0096316,0.0099373,0.0096316,0.0087697,0.0075011,0.0060273,0.0045496,0.0032262,0.0021491,0,0,0,0,0,0,0,0,0,0,0,0,0,0,0,0
