0.0034167,0.0041381,0.0047206,0.0062538,0.007783,0.0090993,0.010784,0.011498,0.012458,0.012503,0.012216,0.011697,0.012862,0.012989,0.013208,0.012037,0.012719,0.012945,0.012672,0.011904,0.010703,0.0086879,0.0072066,0.0073045,0.0071177,0.0073091,0.0078655,0.0075011,0.0087697,0.0096316,0.0099373,0.0096316,0.0087697,0.0075011,0.0060273,0.0045496,0.0032262,0.0021491,0,0,0,0,0,0,0,0,0,0
0.0039414,0.0045191,0.0048006,0.0063598,0.0079149,0.0092535,0.011278,0.012159,0.013638,0.014054,0.014167,0.014036,0.015166,0.015327,0.015388,0.013848,0.014044,0.013704,0.012872,0.01163,0.010095,0.007701,0.0062704,0.0059807,0.0058864,0.0061088,0.0066325,0.006416,0.0075011,0.0082383,0.0084999,0.0082383,0.0075011,0.006416,0.0051554,0.0038915,0.0027595,0.0018382,0,0,0,0,0,0,0,0,0,0
0.0045822,0.0050272,0.0050065,0.0066325,0.0082542,0.0096502,0.012076,0.013152,0.015203,0.01601,0.016537,0.016802,0.017897,0.018081,0.017965,0.015984,0.015667,0.014719,0.013279,0.011515,0.0096008,0.006767,0.0053686,0.004604,0.0045776,0.0048006,0.0052574,0.0051554,0.0060273,0.0066197,0.0068298,0.0066197,0.0060273,0.0051554,0.0041425,0.0031269,0.0022173,0.0014771,0,0,0,0,0,0,0,0,0,0
0.0049086,0.0050644,0.0045496,0.0060273,0.0075011,0.0087697,0.01147,0.012697,0.015361,0.016685,0.017809,0.018684,0.019995,0.020414,0.0203,0.018218,0.017414,0.015883,0.013851,0.011571,0.009273,0.0059857,0.0045977,0.0033323,0.0033474,0.0035472,0.0039175,0.0038915,0.0045496,0.0049968,0.0051554,0.0049968,0.0045496,0.0038915,0.0031269,0.0023603,0.0016737,0.0011149,0,0,0,0,0,0,0,0,0,0
0.0055865,0.0056924,0.0049968,0.0066197,0.0082383,0.0096316,0.012727,0.01414,0.017277,0.018885,0.020289,0.021417,0.022656,0.023041,0.022738,0.020184,0.018971,0.016946,0.014411,0.011689,0.0090591,0.0053753,0.0039873,0.0022677,0.0023018,0.0024643,0.002744,0.0027595,0.0032262,0.0035433,0.0036557,0.0035433,0.0032262,0.0027595,0.0022173,0.0016737,0.0011868,0.00079061,0,0,0,0,0,0,0,0,0,0
0.0059785,0.0060161,0.0051554,0.0068298,0.0084999,0.0099373,0.013274,0.014804,0.018271,0.0201,0.021735,0.023608,0.024763,0.025316,0.025069,0.022384,0.020966,0.018612,0.01567,0.012523,0.0095062,0.0053815,0.0038374,0.0016416,0.0015812,0.0016416,0.0014771,0.0018382,0.0021491,0.0023603,0.0024352,0.0023603,0.0021491,0.0018382,0.0014771,0.0011149,0.00079061,0.00052666,0,0,0,0,0,0,0,0,0,0
0.0060161,0.0059785,0.0049968,0.0066197,0.0082383,0.0096316,0.013013,0.01457,0.018169,0.020117,0.021894,0.024177,0.025598,0.026415,0.026406,0.023957,0.02264,0.02031,0.017311,0.014029,0.010817,0.0064152,0.0046526,0.0016737,0.0011868,0.00079061,0,0,0,0,0,0,0,0,0,0,0,0,0,0,0,0,0,0,0,0,0,0
0.0056924,0.0055865,0.0045496,0.0060273,0.0075011,0.0087697,0.011992,0.013481,0.016989,0.018933,0.020736,0.023394,0.02504,0.026132,0.026433,0.024437,0.023366,0.021248,0.018391,0.01516,0.011907,0.0074348,0.0054872,0.0023603,0.0016737,0.0011149,0,0,0,0,0,0.00052666,0.00079061,0.0011149,0.0014771,0.0018382,0.0021491,0.0023603,0.0024352,0.0023603,0.0021491,0.0018382,0.0014771,0.0011149,0.00079061,0.00052666,0,0
0.0050644,0.0049086,0.0038915,0.0051554,0.006416,0.0075011,0.010387,0.011726,0.014937,0.016755,0.018467,0.021429,0.023242,0.024593,0.025244,0.023862,0.02316,0.021417,0.018881,0.015873,0.012726,0.0083816,0.0062916,0.0031269,0.0022173,0.0014771,0,0,0,0,0,0.00079061,0.0011868,0.0016737,0.0022173,0.0027595,0.0032262,0.0035433,0.0036557,0.0035433,0.0032262,0.0027595,0.0022173,0.0016737,0.0011868,0.00079061,0,0
0.0042366,0.0040555,0.0031269,0.0041425,0.0051554,0.0060273,0.0084579,0.0095893,0.012349,0.013942,0.015463,0.018637,0.020541,0.02211,0.023109,0.022417,0.022155,0.020895,0.018807,0.016153,0.013231,0.0091755,0.0069936,0.0038915,0.0027595,0.0018382,0,0,0,0,0,0.0011149,0.0016737,0.0023603,0.0031269,0.0038915,0.0045496,0.0049968,0.0051554,0.0049968,0.0045496,0.0038915,0.0031269,0.0023603,0.0016737,0.0011149,0,0
0.0033323,0.0031508,0.0023603,0.0031269,0.0038915,0.0045496,0.0064739,0.0073727,0.0096008,0.010909,0.012174,0.015446,0.017362,0.01908,0.020382,0.020358,0.020545,0.019801,0.01822,0.015991,0.013374,0.0097184,0.0075044,0.0045496,0.0032262,0.0021491,0,0,0,0,0,0.0014771,0.0022173,0.0031269,0.0041425,0.0051554,0.0060273,0.0066197,0.0068298,0.0066197,0.0060273,0.0051554,0.0041425,0.0031269,0.0022173,0.0014771,0,0
0.0024643,0.0023018,0.0016737,0.0022173,0.0027595,0.0032262,0.0046582,0.0053295,0.0070185,0.0080268,0.0090113,0.012254,0.014105,0.015889,0.017404,0.017943,0.01852,0.018255,0.017166,0.015379,0.013107,0.0099121,0.0077346,0.0049968,0.0035433,0.0023603,0,0,0,0,0,0.0018382,0.0027595,0.0038915,0.0051554,0.006416,0.0075011,0.0082383,0.0084999,0.0082383,0.0075011,0.006416,0.0051554,0.0038915,0.0027595,0.0018382,0,0
0.0017135,0.0015812,0.0011149,0.0014771,0.0018382,0.0021491,0.0031509,0.0036221,0.0048247,0.0055533,0.0062714,0.0093558,0.011073,0.012828,0.014443,0.015382,0.01624,0.016358,0.015694,0.014318,0.012402,0.0096867,0.0076204,0.0051554,0.0036557,0.0024352,0,0,0,0,0,0.0021491,0.0032262,0.0045496,0.0060273,0.0075011,0.0087697,0.0096316,0.0099373,0.0096316,0.0087697,0.0075011,0.0060273,0.0045496,0.0032262,0.0021491,0,0
0.00079061,0.00052666,0,0,0,0,0.00052666,0.00079061,0.0016416,0.0022677,0.0029532,0.0059865,0.0077418,0.0095812,0.01134,0.012823,0.01383,0.014204,0.013867,0.012846,0.011273,0.009029,0.0071464,0.0049968,0.0035433,0.0023603,0,0,0,0,0,0.0023603,0.0035433,0.0049968,0.0066197,0.0082383,0.0096316,0.010578,0.010914,0.010578,0.0096316,0.0082383,0.0066197,0.0049968,0.0035433,0.0023603,0,0
0,0,0,0,0,0,0,0,0,0,0,0.0021491,0.0032262,0.0045496,0.0060273,0.0075011,0.0087697,0.0096316,0.0099373,0.0096316,0.0087697,0.0075011,0.0060273,0.0045496,0.0032262,0.0021491,0,0,0,0,0,0.0024352,0.0036557,0.0051554,0.0068298,0.0084999,0.0099373,0.010914,0.01126,0.010914,0.0099373,0.0084999,0.0068298,0.0051554,0.0036557,0.0024352,0,0
0,0,0,0,0,0,0,0,0,0,0,0.0018382,0.0027595,0.0038915,0.0051554,0.006416,0.0075011,0.0082383,0.0084999,0.0082383,0.0075011,0.006416,0.0051554,0.0038915,0.0027595,0.0018382,0,0,0,0,0,0.0023603,0.0035433,0.0049968,0.0066197,0.0082383,0.0096316,0.010578,0.010914,0.010578,0.0096316,0.0082383,0.0066197,0.0049968,0.0035433,0.0023603,0,0
0,0,0,0,0,0,0,0,0,0,0,0.0014771,0.0022173,0.0031269,0.0041425,0.0051554,0.0060273,0.0066197,0.0068298,0.0066197,0.0060273,0.0051554,0.0041425,0.0031269,0.0022173,0.0014771,0,0,0,0,0,0.0021491,0.0032262,0.0045496,0.0060273,0.0075011,0.0087697,0.0096316,0.0099373,0.0096316,0.0087697,0.0075011,0.0060273,0.0045496,0.0032262,0.0021491,0,0
0,0,0,0,0,0,0,0,0,0,0,0.0011149,0.0016737,0.0023603,0.0031269,0.0038915,0.0045496,0.0049968,0.0051554,0.0049968,0.0045496,0.0038915,0.0031269,0.0023603,0.0016737,0.0011149,0,0,0,0,0,0.0018382,0.0027595,0.0038915,0.0051554,0.006416,0.0075011,0.0082383,0.0084999,0.0082383,0.0075011,0.006416,0.0051554,0.0038915,0.0027595,0.0018382,0,0
0,0,0,0,0,0,0,0,0,0,0,0.00079061,0.0011868,0.0016737,0.0022173,0.0027595,0.0032262,0.0035433,0.0036557,0.0035433,0.0032262,0.0027595,0.0022173,0.0016737,0.0011868,0.00079061,0,0,0,0,0,0.0014771,0.0022173,0.0031269,0.0041425,0.0051554,0.0060273,0.0066197,0.0068298,0.0066197,0.0060273,0.0051554,0.0041425,0.0031269,0.0022173,0.0014771,0,0
0,0,0,0,0,0,0,0,0,0,0,0.00052666,0.00079061,0.0011149,0.0014771,0.0018382,0.0021491,0.0023603,0.0024352,0.0023603,0.0021491,0.0018382,0.0014771,0.0011149,0.00079061,0.00052666,0,0,0,0,0,0.0011149,0.0016737,0.0023603,0.0031269,0.0038915,0.0045496,0.0049968,0.0051554,0.0049968,0.0045496,0.0038915,0.0031269,0.0023603,0.0016737,0.0011149,0,0
0,0,0,0,0,0,0,0,0,0,0,0,0,0,0,0,0,0,0,0,0,0,0,0,0,0,0,0,0,0,0,0.00079061,0.0011868,0.0016737,0.0022173,0.0027595,0.0032262,0.0035433,0.0036557,0.0035433,0.0032262,0.0027595,0.0022173,0.0016737,0.0011868,0.00079061,0,0
0,0,0,0,0,0,0,0,0,0,0,0,0,0,0,0,0,0,0,0,0,0,0,0,0,0,0,0,0,0,0,0.00052666,0.00079061,0.0011149,0.0014771,0.0018382,0.0021491,0.0023603,0.0024352,0.0023603,0.0021491,0.0018382,0.0014771,0.0011149,0.00079061,0.00052666,0,0
0,0,0,0,0,0,0,0,0,0,0,0,0,0,0,0,0,0,0,0,0,0,0,0,0,0,0,0,0,0,0,0,0,0,0,0,0,0,0,0,0,0,0,0,0,0,0,0
0,0,0,0,0,0,0,0,0,0,0,0,0,0,0,0,0,0,0,0,0,0,0,0,0,0,0,0,0,0,0,0,0,0,0,0,0,0,0,0,0,0,0,0,0,0,0,0
0,0,0,0,0,0,0,0,0,0,0,0,0,0,0,0,0,0,0,0,0,0,0,0,0,0,0,0,0,0,0,0,0,0,0,0,0,0,0,0,0,0,0,0,0,0,0,0
0,0,0,0,0,0,0,0,0,0,0,0,0,0,0,0,0,0,0,0,0,0,0,0,0,0,0,0,0,0,0,0,0,0,0,0,0,0,0,0,0,0,0,0,0,0,0,0
0,0,0,0,0,0,0,0,0,0,0,0,0,0,0,0,0,0,0,0,0,0,0,0,0,0,0,0,0,0,0,0,0,0,0,0,0,0,0,0,0,0,0,0,0,0,0,0
0,0,0,0,0,0,0,0,0,0,0,0,0,0,0,0,0,0,0,0,0,0,0,0,0,0,0,0,0,0,0,0,0,0,0,0,0,0,0,0,0,0,0,0,0,0,0,0
0,0,0,0,0,0,0,0,0,0,0,0,0,0,0,0,0,0,0,0,0,0,0,0,0,0,0,0,0,0,0,0,0,0,0,0,0,0,0,0,0,0,0,0,0,0,0,0
0,0,0,0,0,0,0,0,0,0,0,0,0,0,0,0,0,0,0,0,0,0,0,0,0,0,0,0,0,0,0,0,0,0,0,0,0,0,0,0,0,0,0,0,0,0,0,0
0,0,0,0,0,0,0,0,0,0,0,0,0,0,0,0,0,0,0,0,0,0,0,0,0,0,0,0,0,0,0,0,0,0,0,0,0,0,0,0,0,0,0,0,0,0,0,0
0,0,0,0,0,0,0,0,0,0,0,0,0,0,0,0,0,0,0,0,0,0,0,0,0,0,0,0,0,0,0,0,0,0,0,0,0,0,0,0,0,0,0,0,0,0,0,0
