0,0,0,0,0,0,0,0,0,0,0,0,0,0,0,0,0,0,0,0,0,0.0021491,0.0032262,0.0045496,0.0060273,0.0089781,0.010987,0.012759,0.01408,0.014787,0.014797,0.014121,0.012857,0.011169,0.0092535,0.0073045,0.0041425,0.0031269,0.0040555,0.0042366,0.0038915,0.0051554,0.006416,0.0075011,0.0082383,0.0084999,0.0082383,0.0098614
0,0,0,0,0,0,0,0,0,0,0,0,0,0,0,0,0,0,0,0,0,0.0023603,0.0035433,0.0049968,0.0066197,0.010077,0.012391,0.014996,0.01686,0.018109,0.01861,0.018315,0.017269,0.015595,0.01348,0.011137,0.0073045,0.0057297,0.0057136,0.0056971,0.0047081,0.0057841,0.0066325,0.0078655,0.0087688,0.0091901,0.0090549,0.010823
0,0,0,0,0,0,0,0,0,0,0,0,0,0,0,0,0,0,0,0,0,0.0024352,0.0036557,0.0051554,0.0068298,0.010649,0.013164,0.016254,0.018475,0.020089,0.020924,0.020891,0.019993,0.01833,0.016081,0.01348,0.0092535,0.0073091,0.0065584,0.0062872,0.004734,0.0055913,0.0061088,0.0073091,0.008223,0.0086987,0.0086525,0.010453
0,0,0,0,0,0,0,0,0,0,0,0,0,0,0,0,0,0,0,0,0,0.0023603,0.0035433,0.0049968,0.0066197,0.010599,0.013175,0.01669,0.019207,0.021177,0.02239,0.022708,0.022083,0.020572,0.01833,0.015595,0.011169,0.0088883,0.0074608,0.0070224,0.0050212,0.0056926,0.0058864,0.0071177,0.0080929,0.0086525,0.0086987,0.010372
0,0,0,0,0,0,0,0,0,0,0,0,0,0,0,0,0,0,0,0,0,0.0021491,0.0032262,0.0045496,0.0060273,0.0099363,0.012425,0.016264,0.018984,0.021258,0.02285,0.023571,0.023315,0.022083,0.019993,0.017269,0.012857,0.010311,0.0083249,0.0078298,0.0055496,0.006081,0.0059807,0.0073045,0.0083876,0.0090549,0.0091901,0.010607
0,0,0,0,0,0,0,0,0,0,0,0,0,0,0,0,0,0,0,0,0,0.0018382,0.0027595,0.0038915,0.0051554,0.0087764,0.011044,0.015073,0.017879,0.020368,0.022288,0.02341,0.023571,0.022708,0.020891,0.018315,0.014121,0.011413,0.0086987,0.0080901,0.005519,0.0057297,0.0051554,0.006416,0.0075011,0.0082383,0.0084999,0.0097154
0,0,0,0,0,0,0,0,0,0,0,0,0,0,0,0,0,0,0,0,0,0.0014771,0.0022173,0.0031269,0.0041425,0.0073045,0.0092535,0.013318,0.016083,0.01867,0.020824,0.022288,0.02285,0.02239,0.020924,0.01861,0.014797,0.012051,0.0092535,0.0088478,0.0064524,0.0066987,0.0060273,0.0075011,0.0087697,0.0096316,0.0099373,0.010747
0,0,0,0,0,0,0,0,0,0,0.00052666,0.00079061,0.0011149,0.0014771,0.0018382,0.0021491,0.0023603,0.0024352,0.0023603,0.0021491,0.0018382,0.002592,0.0027887,0.0031509,0.0036536,0.0057297,0.0073091,0.011249,0.013854,0.01641,0.01867,0.020368,0.021258,0.021177,0.020089,0.018109,0.014787,0.01213,0.0093792,0.0091954,0.0070865,0.0073571,0.0066197,0.0082383,0.0096316,0.010578,0.010914,0.011369
0,0,0,0,0,0,0,0,0,0,0.00079061,0.0011868,0.0016737,0.0022173,0.0027595,0.0032262,0.0035433,0.0036557,0.0035433,0.0032262,0.0027595,0.0030079,0.0028606,0.0028606,0.0030079,0.0042366,0.0054435,0.0091054,0.011454,0.013854,0.016083,0.017879,0.018984,0.019207,0.018475,0.01686,0.01408,0.011627,0.0090471,0.0090677,0.0073115,0.0075907,0.0068298,0.0084999,0.0099373,0.010914,0.01126,0.011441
0,0,0,0,0,0,0,0,0,0,0.0011149,0.0016737,0.0023603,0.0031269,0.0038915,0.0045496,0.0049968,0.0051554,0.0049968,0.0045496,0.0038915,0.0036536,0.0031509,0.0027887,0.002592,0.0029532,0.0038228,0.007081,0.0091054,0.011249,0.013318,0.015073,0.016264,0.01669,0.016254,0.014996,0.012759,0.010599,0.0082934,0.0084721,0.0070865,0.0073571,0.0066197,0.0082383,0.0096316,0.010578,0.010914,0.010578
0,0,0,0,0,0,0,0,0,0,0.0014771,0.0022173,0.0031269,0.0041425,0.0051554,0.0060273,0.0066197,0.0068298,0.0066197,0.0060273,0.0051554,0.0041425,0.0031269,0.0022173,0.0014771,0.00079061,0.0011868,0.0038228,0.0054435,0.0073091,0.0092535,0.011044,0.012425,0.013175,0.013164,0.012918,0.011778,0.01029,0.0086912,0.0093276,0.0086015,0.0090591,0.0084625,0.0098614,0.010919,0.01147,0.011414,0.010747
0,0,0,0,0,0,0,0,0,0,0.0018382,0.0027595,0.0038915,0.0051554,0.006416,0.0075011,0.0082383,0.0084999,0.0082383,0.0075011,0.006416,0.0051554,0.0038915,0.0027595,0.0018382,0.00052666,0.00079061,0.0029532,0.0042366,0.0057297,0.0073045,0.0087764,0.0099363,0.010599,0.010649,0.010867,0.010165,0.0092047,0.0081634,0.0090159,0.0087452,0.009273,0.0088112,0.0099593,0.010727,0.010998,0.010717,0.0099121
0,0,0,0,0,0,0,0,0,0,0.0021491,0.0032262,0.0045496,0.0060273,0.0075011,0.0087697,0.0096316,0.0099373,0.0096316,0.0087697,0.0075011,0.0060273,0.0045496,0.0032262,0.0021491,0,0,0.0014771,0.0022173,0.0031269,0.0041425,0.0051554,0.0060273,0.0066197,0.0068298,0.0077346,0.007701,0.0075157,0.0072694,0.0084955,0.0089843,0.0096008,0.0092979,0.010152,0.010577,0.010511,0.0099567,0.00898
0,0,0,0,0,0,0,0,0,0,0.0023603,0.0035433,0.0049968,0.0066197,0.0082383,0.0096316,0.010578,0.010914,0.010578,0.0096316,0.0082383,0.0066197,0.0049968,0.0035433,0.0023603,0,0,0.0011149,0.0016737,0.0023603,0.0031269,0.0038915,0.0045496,0.0049968,0.0051554,0.0064739,0.006767,0.0070184,0.0072694,0.0086307,0.0093747,0.010095,0.0099567,0.010511,0.010577,0.010152,0.0092979,0.0081237
0,0,0,0,0,0,0,0,0,0,0.0024352,0.0041824,0.005946,0.0079448,0.0099769,0.011776,0.013063,0.013621,0.013349,0.012298,0.010649,0.008668,0.0066325,0.0047707,0.0032259,0.00052666,0,0.00079061,0.0011868,0.0016737,0.0022173,0.0027595,0.0032262,0.0035433,0.0036557,0.0053815,0.0059857,0.006651,0.0073727,0.0088804,0.0098748,0.010703,0.010717,0.010998,0.010727,0.0099593,0.0088112,0.0074348
0,0,0,0,0,0,0,0,0,0,0.0023603,0.0043339,0.0061837,0.0082934,0.010456,0.012391,0.013804,0.014457,0.014234,0.013175,0.011465,0.0093792,0.0072141,0.005217,0.0035472,0.00079061,0,0.00052666,0.00079061,0.0011149,0.0014771,0.0018382,0.0021491,0.0023603,0.0024352,0.0045094,0.0053753,0.0063879,0.0075044,0.0091427,0.010351,0.011273,0.011414,0.01147,0.010919,0.0098614,0.0084625,0.00691
0,0,0,0,0,0,0,0,0,0,0.0021491,0.0043411,0.0062234,0.0083876,0.010628,0.012661,0.014181,0.014934,0.014787,0.013766,0.012051,0.0099188,0.0076766,0.0055865,0.0038228,0.0011149,0,0,0,0,0,0,0,0,0,0.0023603,0.0035433,0.0049968,0.0066197,0.0082383,0.0096316,0.010578,0.010914,0.010578,0.0096316,0.0082383,0.0066197,0.0049968
0,0,0,0,0,0,0,0,0,0,0.0018382,0.0042366,0.0061088,0.0082823,0.010559,0.012657,0.014266,0.01512,0.015068,0.014121,0.012443,0.010311,0.008034,0.0058864,0.0040555,0.0014771,0,0,0,0,0,0,0,0,0,0.0024352,0.0036557,0.0051554,0.0068298,0.0084999,0.0099373,0.010914,0.01126,0.010914,0.0099373,0.0084999,0.0068298,0.0051554
0,0,0,0,0,0,0,0,0,0,0.0014771,0.0040555,0.0058864,0.008034,0.010311,0.012443,0.014121,0.015068,0.01512,0.014266,0.012657,0.010559,0.0082823,0.0061088,0.0042366,0.0018382,0,0,0,0,0,0,0,0,0,0.0023603,0.0035433,0.0049968,0.0066197,0.0082383,0.0096316,0.010578,0.010914,0.010578,0.0096316,0.0082383,0.0066197,0.0049968
0,0,0,0,0,0,0,0,0,0,0.0011149,0.0038228,0.0055865,0.0076766,0.0099188,0.012051,0.013766,0.014787,0.014934,0.014181,0.012661,0.010628,0.0083876,0.0062234,0.0043411,0.0021491,0,0,0,0,0,0,0,0,0,0.0021491,0.0032262,0.0045496,0.0060273,0.0075011,0.0087697,0.0096316,0.0099373,0.0096316,0.0087697,0.0075011,0.0060273,0.0045496
0,0,0,0,0,0,0,0,0,0,0.00079061,0.0035472,0.005217,0.0072141,0.0093792,0.011465,0.013175,0.014234,0.014457,0.013804,0.012391,0.010456,0.0082934,0.0061837,0.0043339,0.0023603,0,0,0,0,0,0,0,0,0,0.0018382,0.0027595,0.0038915,0.0051554,0.006416,0.0075011,0.0082383,0.0084999,0.0082383,0.0075011,0.006416,0.0051554,0.0038915
0,0,0,0,0,0,0,0,0,0,0.00052666,0.0032259,0.0047707,0.0066325,0.008668,0.010649,0.012298,0.013349,0.013621,0.013063,0.011776,0.0099769,0.0079448,0.005946,0.0041824,0.0024352,0,0,0,0,0,0,0,0,0,0.0014771,0.0022173,0.0031269,0.0041425,0.0051554,0.0060273,0.0066197,0.0068298,0.0066197,0.0060273,0.0051554,0.0041425,0.0031269
0,0,0,0,0,0,0,0,0,0,0,0.0023603,0.0035433,0.0049968,0.0066197,0.0082383,0.0096316,0.010578,0.010914,0.010578,0.0096316,0.0082383,0.0066197,0.0049968,0.0035433,0.0023603,0,0,0,0,0,0,0,0,0,0.0011149,0.0016737,0.0023603,0.0031269,0.0038915,0.0045496,0.0049968,0.0051554,0.0049968,0.0045496,0.0038915,0.0031269,0.0023603
0,0,0,0,0,0,0,0,0,0,0,0.0021491,0.0032262,0.0045496,0.0060273,0.0075011,0.0087697,0.0096316,0.0099373,0.0096316,0.0087697,0.0075011,0.0060273,0.0045496,0.0032262,0.0021491,0,0,0,0,0,0,0,0,0,0.00079061,0.0011868,0.0016737,0.0022173,0.0027595,0.0032262,0.0035433,0.0036557,0.0035433,0.0032262,0.0027595,0.0022173,0.0016737
0,0,0,0,0,0,0,0,0,0,0,0.0018382,0.0027595,0.0038915,0.0051554,0.006416,0.0075011,0.0082383,0.0084999,0.0082383,0.0075011,0.006416,0.0051554,0.0038915,0.0027595,0.0018382,0,0,0,0,0,0,0,0,0,0.00052666,0.00079061,0.0011149,0.0014771,0.0018382,0.0021491,0.0023603,0.0024352,0.0023603,0.0021491,0.0018382,0.0014771,0.0011149
0,0,0,0,0,0,0,0,0,0,0,0.0014771,0.0022173,0.0031269,0.0041425,0.0051554,0.0060273,0.0066197,0.0068298,0.0066197,0.0060273,0.0051554,0.0041425,0.0031269,0.0022173,0.0014771,0,0,0,0,0,0,0,0,0,0,0,0,0,0,0,0,0,0,0,0,0,0
0,0,0,0,0,0,0,0,0,0,0,0.0011149,0.0016737,0.0023603,0.0031269,0.0038915,0.0045496,0.0049968,0.0051554,0.0049968,0.0045496,0.0038915,0.0031269,0.0023603,0.0016737,0.0011149,0,0,0,0,0,0,0,0,0,0,0,0,0,0,0,0,0,0,0,0,0,0
0,0,0,0,0,0,0,0,0,0,0,0.00079061,0.0011868,0.0016737,0.0022173,0.0027595,0.0032262,0.0035433,0.0036557,0.0035433,0.0032262,0.0027595,0.0022173,0.0016737,0.0011868,0.00079061,0,0,0,0,0,0,0,0,0,0,0,0,0,0,0,0,0,0,0,0,0,0
0,0,0,0,0,0,0,0,0,0,0,0.00052666,0.00079061,0.0011149,0.0014771,0.0018382,0.0021491,0.0023603,0.0024352,0.0023603,0.0021491,0.0018382,0.0014771,0.0011149,0.00079061,0.00052666,0,0,0,0,0,0,0,0,0,0,0,0,0,0,0,0,0,0,0,0,0,0
0,0,0,0,0,0,0,0,0,0,0,0,0,0,0,0,0,0,0,0,0,0,0,0,0,0,0,0,0,0,0,0,0,0,0,0,0,0,0,0,0,0,0,0,0,0,0,0
0,0,0,0,0,0,0,0,0,0,0,0,0,0,0,0,0,0,0,0,0,0,0,0,0,0,0,0,0,0,0,0,0,0,0,0,0,0,0,0,0,0,0,0,0,0,0,0
0,0,0,0,0,0,0,0,0,0,0,0,0,0,0,0,0,0,0,0,0,0,0,0,0,0,0,0,0,0,0,0,0,0,0,0,0,0,0,0,0,0,0,0,0,0,0,0
