0,0,0,0,0,0,0,0,0,0,0,0,0,0,0,0,0,0,0,0,0,0,0,0,0,0,0,0,0,0,0,0,0,0,0,0,0,0,0,0,0,0,0,0,0,0,0,0
0,0,0,0,0,0,0,0,0,0,0,0,0,0,0,0,0,0,0,0,0,0,0,0,0,0,0,0,0,0,0,0,0,0,0,0,0,0,0,0,0,0,0,0,0,0,0,0
0,0,0,0,0,0,0,0,0,0,0,0,0,0,0,0,0,0,0,0,0,0,0,0,0,0,0,0,0,0,0,0,0,0,0,0,0,0,0,0,0,0,0,0,0,0,0,0
0,0,0,0,0,0,0,0,0,0,0,0,0,0,0,0,0,0,0,0,0,0,0,0,0,0,0,0,0,0,0,0,0,0,0,0,0,0,0,0,0,0,0,0,0,0,0,0
0,0,0,0,0,0,0,0,0,0,0,0,0,0,0,0,0,0,0,0,0,0,0,0,0,0,0,0,0,0,0,0,0,0,0,0,0,0,0,0,0,0,0,0,0,0,0,0
0,0,0,0,0,0,0,0,0,0,0,0,0,0,0,0,0,0,0,0,0,0,0,0,0,0,0,0,0,0,0,0,0,0,0,0,0,0,0,0,0,0,0,0,0,0,0,0
0,0,0,0,0,0,0,0,0,0,0,0,0,0,0,0,0,0,0,0,0,0,0,0,0,0,0,0,0.00052666,0.00079061,0.0011149,0.0014771,0.0018382,0.0021491,0.0023603,0.0029619,0.0031509,0.003264,0.0033153,0.0033153,0.003264,0.0031509,0.0029619,0.0023603,0.0021491,0.0018382,0.0014771,0.0011149
0,0,0,0,0,0,0,0,0,0,0,0,0,0,0,0,0,0,0,0,0,0,0,0,0,0,0,0,0.00079061,0.0011868,0.0016737,0.0022173,0.0027595,0.0032262,0.0035433,0.0044464,0.0047301,0.0048999,0.0049768,0.0049768,0.0048999,0.0047301,0.0044464,0.0035433,0.0032262,0.0027595,0.0022173,0.0016737
0,0,0,0,0,0,0,0,0,0,0,0,0,0,0,0,0,0,0,0,0,0,0,0,0,0,0,0,0.0011149,0.0016737,0.0023603,0.0031269,0.0038915,0.0045496,0.0049968,0.0062704,0.0066705,0.00691,0.0070184,0.0070184,0.00691,0.0066705,0.0062704,0.0049968,0.0045496,0.0038915,0.0031269,0.0023603
0,0,0,0,0,0,0,0,0,0,0,0,0,0,0,0.00052666,0.00079061,0.0011149,0.0014771,0.0018382,0.0021491,0.0023603,0.0024352,0.0023603,0.0021491,0.0018382,0.0014771,0.0011149,0.0022677,0.002744,0.0031269,0.0041425,0.0051554,0.0060273,0.0066197,0.0083069,0.008837,0.0091542,0.0092979,0.0092979,0.0091542,0.008837,0.0083069,0.0066197,0.0060273,0.0051554,0.0041425,0.0031269
0,0,0,0,0,0,0,0,0,0,0,0,0,0,0,0.00079061,0.0011868,0.0016737,0.0022173,0.0027595,0.0032262,0.0035433,0.0036557,0.0035433,0.0032262,0.0027595,0.0022173,0.0016737,0.0030251,0.0035501,0.0038915,0.0051554,0.006416,0.0075011,0.0082383,0.010338,0.010998,0.011393,0.011571,0.011571,0.011393,0.010998,0.010338,0.0082383,0.0075011,0.006416,0.0051554,0.0038915
0,0,0,0,0,0,0,0,0,0,0,0,0,0,0,0.0011149,0.0016737,0.0023603,0.0031269,0.0038915,0.0045496,0.0049968,0.0051554,0.0049968,0.0045496,0.0038915,0.0031269,0.0023603,0.0038228,0.0043411,0.0045496,0.0060273,0.0075011,0.0087697,0.0096316,0.012086,0.012858,0.013319,0.013528,0.013528,0.013319,0.012858,0.012086,0.0096316,0.0087697,0.0075011,0.0060273,0.0045496
0,0,0,0,0,0,0,0,0,0,0,0,0,0,0,0.0014771,0.0022173,0.0031269,0.0041425,0.0051554,0.0060273,0.0066197,0.0068298,0.0066197,0.0060273,0.0051554,0.0041425,0.0031269,0.0045776,0.0050203,0.0049968,0.0066197,0.0082383,0.0096316,0.010578,0.013274,0.014122,0.014628,0.014858,0.014858,0.014628,0.014122,0.013274,0.010578,0.0096316,0.0082383,0.0066197,0.0049968
0,0,0,0,0,0,0,0,0,0,0,0,0,0,0,0.0018382,0.0027595,0.0038915,0.0051554,0.006416,0.0075011,0.0082383,0.0084999,0.0082383,0.0075011,0.006416,0.0051554,0.0038915,0.0051947,0.005494,0.0051554,0.0068298,0.0084999,0.0099373,0.010914,0.013696,0.01457,0.015093,0.01533,0.01533,0.015093,0.01457,0.013696,0.010914,0.0099373,0.0084999,0.0068298,0.0051554
0,0,0,0,0,0,0,0,0,0,0,0,0,0,0,0.0021491,0.0032262,0.0045496,0.0060273,0.0075011,0.0087697,0.0096316,0.0099373,0.0096316,0.0087697,0.0075011,0.0060273,0.0045496,0.0055865,0.0056924,0.0049968,0.0066197,0.0082383,0.0096316,0.010578,0.013274,0.014648,0.015419,0.015973,0.016335,0.016467,0.016271,0.015635,0.013013,0.011992,0.010387,0.0084579,0.0064739
0,0,0,0,0,0,0,0,0,0,0,0,0,0,0,0.0023603,0.0035433,0.0049968,0.0066197,0.0082383,0.0096316,0.010578,0.010914,0.010578,0.0096316,0.0082383,0.0066197,0.0049968,0.0056924,0.0055865,0.0045496,0.0060273,0.0075011,0.0087697,0.0096316,0.012086,0.013648,0.014506,0.015202,0.015746,0.016079,0.016084,0.01563,0.013287,0.012313,0.010727,0.0087868,0.006767
0,0,0,0,0,0,0,0,0,0,0,0,0,0,0,0.0024352,0.0036557,0.0051554,0.0068298,0.0084999,0.0099373,0.010914,0.01126,0.010914,0.0099373,0.0084999,0.0068298,0.0051554,0.005494,0.0051947,0.0038915,0.0051554,0.006416,0.0075011,0.0082383,0.010338,0.012113,0.013066,0.013932,0.014698,0.015284,0.015547,0.015335,0.013394,0.012498,0.010966,0.0090469,0.0070184
0,0,0,0,0,0,0,0,0,0,0,0,0,0,0,0.0023603,0.0035433,0.0055235,0.0074103,0.0093533,0.011109,0.012416,0.013063,0.012939,0.012067,0.010599,0.0087688,0.006835,0.0064974,0.0056926,0.0039175,0.0046692,0.0051554,0.0060273,0.0066197,0.0083069,0.010314,0.011372,0.012425,0.01344,0.01431,0.014864,0.014927,0.01345,0.012647,0.011183,0.0092979,0.0072694
0,0,0,0,0,0,0,0,0,0,0,0,0,0,0,0.0021491,0.0032262,0.0053403,0.0072141,0.0091748,0.010987,0.012391,0.013164,0.013175,0.012425,0.011044,0.0092535,0.0073091,0.0065584,0.0054965,0.0035472,0.0039175,0.0038915,0.0045496,0.0049968,0.0062704,0.0085088,0.0096695,0.01091,0.012174,0.013326,0.014172,0.014509,0.013497,0.012788,0.011393,0.0095429,0.0075157
0,0,0,0,0,0,0,0,0,0,0,0,0,0,0,0.0018382,0.0027595,0.0050065,0.0068291,0.0087764,0.010628,0.01213,0.013049,0.013235,0.012657,0.011413,0.0097051,0.007783,0.006677,0.0053854,0.0033474,0.0033323,0.0027595,0.0032262,0.0035433,0.0044464,0.0068792,0.0081261,0.0095265,0.011004,0.012401,0.0135,0.014078,0.013481,0.012858,0.011529,0.0097184,0.007701
0,0,0,0,0,0,0,0,0,0,0,0,0,0,0,0.0014771,0.0022173,0.004604,0.0063598,0.0082823,0.01017,0.011775,0.012857,0.013239,0.012857,0.011775,0.01017,0.0082823,0.0068865,0.0053946,0.0033323,0.0029541,0.0018382,0.0021491,0.0023603,0.0029619,0.0055113,0.0068073,0.0083121,0.009935,0.011502,0.012783,0.01354,0.013274,0.012727,0.01147,0.0097154,0.0077346
0,0,0,0,0,0,0,0,0,0,0,0,0,0,0,0.0011149,0.0016737,0.0041985,0.0058864,0.007783,0.0097051,0.011413,0.012657,0.013235,0.013049,0.01213,0.010628,0.0087764,0.0068291,0.0050065,0.0027595,0.0018382,0,0,0,0,0.0024352,0.0036557,0.0051554,0.0068298,0.0084999,0.0099373,0.010914,0.01126,0.010914,0.0099373,0.0084999,0.0068298
0,0,0,0,0,0,0,0,0,0,0,0,0,0,0,0.00079061,0.0011868,0.0038228,0.0054435,0.0073091,0.0092535,0.011044,0.012425,0.013175,0.013164,0.012391,0.010987,0.0091748,0.0072141,0.0053403,0.0032262,0.0021491,0,0.00052666,0.00079061,0.0011149,0.0038374,0.0053815,0.0071459,0.00898,0.010674,0.011992,0.012727,0.013279,0.012846,0.011861,0.010506,0.0089846
0,0,0,0.00052666,0.00079061,0.0011149,0.0014771,0.0018382,0.0021491,0.0023603,0.0024352,0.0023603,0.0021491,0.0018382,0.0014771,0.0016416,0.0015812,0.0040019,0.0050203,0.006835,0.0087688,0.010599,0.012067,0.012939,0.013063,0.012416,0.011109,0.0093533,0.0074103,0.0055235,0.0035433,0.0023603,0,0.00079061,0.0011868,0.0016737,0.0043664,0.0059857,0.0077758,0.0095706,0.011157,0.012313,0.012858,0.013487,0.013036,0.012117,0.010905,0.0095774
0,0,0,0.00079061,0.0011868,0.0016737,0.0022173,0.0027595,0.0032262,0.0035433,0.0036557,0.0035433,0.0032262,0.0027595,0.0022173,0.0016737,0.0011868,0.0032259,0.0036557,0.0051554,0.0068298,0.0084999,0.0099373,0.010914,0.01126,0.010914,0.0099373,0.0084999,0.0068298,0.0051554,0.0036557,0.0024352,0,0.0011149,0.0016737,0.0023603,0.0049651,0.006651,0.0084412,0.010152,0.011571,0.012498,0.012788,0.013506,0.013039,0.012222,0.011217,0.010162
0,0,0,0.0011149,0.0016737,0.0023603,0.0031269,0.0038915,0.0045496,0.0049968,0.0051554,0.0049968,0.0045496,0.0038915,0.0031269,0.0023603,0.0016737,0.0034753,0.0035433,0.0049968,0.0066197,0.0082383,0.0096316,0.010578,0.010914,0.010578,0.0096316,0.0082383,0.0066197,0.0049968,0.0035433,0.0023603,0,0.0014771,0.0022173,0.0031269,0.0056196,0.0073727,0.0091542,0.010762,0.011985,0.012647,0.012647,0.013462,0.01298,0.012281,0.011515,0.010775
0,0,0,0.0014771,0.0022173,0.0031269,0.0041425,0.0051554,0.0060273,0.0066197,0.0068298,0.0066197,0.0060273,0.0051554,0.0041425,0.0031269,0.0022173,0.0036262,0.0032262,0.0045496,0.0060273,0.0075011,0.0087697,0.0096316,0.0099373,0.0096316,0.0087697,0.0075011,0.0060273,0.0045496,0.0032262,0.0021491,0,0.0018382,0.0027595,0.0038915,0.0062704,0.0080897,0.0098614,0.011365,0.012391,0.012788,0.012498,0.01341,0.012912,0.012333,0.011806,0.011381
0,0,0,0.0018382,0.0027595,0.0038915,0.0051554,0.006416,0.0075011,0.0082383,0.0084999,0.0082383,0.0075011,0.006416,0.0051554,0.0038915,0.0027595,0.0042031,0.0035501,0.0050065,0.0066325,0.0082542,0.0096502,0.010599,0.010935,0.010599,0.0096502,0.0082542,0.0066325,0.0050065,0.0035501,0.0023649,0,0.0021491,0.0032262,0.0045496,0.0068179,0.0086879,0.010443,0.011849,0.012697,0.012858,0.012313,0.013306,0.012797,0.012325,0.012013,0.011868
0.0011149,0.0014771,0.0018382,0.0042982,0.0055865,0.0069849,0.0083876,0.0096502,0.010608,0.011109,0.011052,0.010422,0.0092963,0.0075011,0.0060273,0.0045496,0.0032262,0.0044168,0.0034042,0.0048006,0.0063598,0.0079149,0.0092535,0.010163,0.010486,0.010163,0.0092535,0.0079149,0.0063598,0.0048006,0.0034042,0.0022677,0,0.0023603,0.0035433,0.0049968,0.0071464,0.009029,0.010747,0.012055,0.012752,0.012727,0.011992,0.013034,0.012523,0.012143,0.012001,0.012076
0.0016737,0.0022173,0.0027595,0.0055865,0.0070865,0.0086525,0.010163,0.011465,0.012391,0.012796,0.012588,0.011765,0.010422,0.0082383,0.0066197,0.0049968,0.0035433,0.0045902,0.0033474,0.0047206,0.0062538,0.007783,0.0090993,0.0099936,0.010311,0.0099936,0.0090993,0.007783,0.0062538,0.0047206,0.0033474,0.0022299,0,0.0024352,0.0036557,0.0051554,0.0068298,0.0084999,0.0099373,0.010914,0.01126,0.010914,0.0099373,0.010935,0.010486,0.010311,0.010486,0.010935
0.0023603,0.0031269,0.0038915,0.0069849,0.0086525,0.010311,0.011827,0.013049,0.013829,0.014041,0.013621,0.012588,0.011052,0.0084999,0.0068298,0.0051554,0.0036557,0.0047029,0.0034042,0.0048006,0.0063598,0.0079149,0.0092535,0.010163,0.010486,0.010163,0.0092535,0.0079149,0.0063598,0.0048006,0.0039308,0.0030583,0.0011149,0.0038374,0.0053815,0.0071459,0.00898,0.010674,0.011992,0.012727,0.012752,0.012055,0.010747,0.011389,0.01069,0.0099936,0.010163,0.010599
0.0031269,0.0041425,0.0051554,0.0083876,0.010163,0.011827,0.013239,0.014266,0.014787,0.014721,0.014041,0.012796,0.011109,0.0082383,0.0066197,0.0049968,0.0035433,0.0047252,0.0035501,0.0050065,0.0066325,0.0082542,0.0096502,0.010599,0.010935,0.010599,0.0096502,0.0082542,0.0066325,0.0050065,0.0043407,0.0035517,0.0016737,0.0043664,0.0059857,0.0077758,0.0095706,0.011157,0.012313,0.012858,0.012697,0.011849,0.010443,0.011364,0.010835,0.010214,0.010731,0.011488
