0.0031269,0.0041425,0.0051554,0.0060273,0.0066197,0.0068298,0.0066197,0.0060273,0.0062704,0.0058162,0.0054872,0.0053442,0.0053686,0.0045496,0.0049968,0.0051554,0.0049968,0.0045496,0.0038915,0.0031269,0.0045094,0.0048999,0.0056646,0.0060273,0.0075011,0.0087697,0.0096316,0.0099373,0.0096316,0.0087697,0.010765,0.010927,0.01146,0.01238,0.013542,0.013319,0.014628,0.015093,0.017064,0.016975,0.016548,0.017461,0.017627,0.017964,0.018321,0.016416,0.016941,0.016557
0.0038915,0.0051554,0.006416,0.0075011,0.0082383,0.0084999,0.0082383,0.0075011,0.0078931,0.0073727,0.0070184,0.006902,0.0069936,0.0060273,0.0066197,0.0068298,0.0066197,0.0060273,0.0051554,0.0041425,0.0049651,0.0049768,0.0053686,0.0051554,0.006416,0.0075011,0.0082383,0.0084999,0.0082383,0.0075011,0.009567,0.0098855,0.010562,0.011597,0.012836,0.012858,0.014122,0.01457,0.016482,0.016401,0.015995,0.017295,0.017668,0.018253,0.018885,0.01733,0.018079,0.01787
0.0045496,0.0060273,0.0075011,0.0087697,0.0096316,0.0099373,0.0096316,0.0087697,0.009866,0.0095774,0.0095561,0.0098587,0.010403,0.0096502,0.010599,0.010935,0.010599,0.0096502,0.0082542,0.0066325,0.0070102,0.006558,0.0066067,0.0056196,0.0069936,0.0081764,0.00898,0.0092651,0.00898,0.0081764,0.0099556,0.010066,0.010512,0.011315,0.012342,0.012086,0.013274,0.013696,0.015423,0.015313,0.014888,0.016483,0.016998,0.017766,0.018621,0.017438,0.018401,0.018401
0.0049968,0.0066197,0.0082383,0.0096316,0.010578,0.010914,0.010578,0.0096316,0.011178,0.011033,0.01122,0.011788,0.012621,0.011996,0.013175,0.013593,0.013175,0.011996,0.010261,0.0082446,0.0081289,0.0072736,0.0069738,0.0053442,0.006651,0.0077758,0.0085401,0.0088112,0.0085401,0.0077758,0.0090113,0.0088875,0.0090309,0.0094803,0.010144,0.0096316,0.010578,0.010914,0.012416,0.012391,0.01213,0.014135,0.014956,0.016041,0.017218,0.016738,0.01787,0.018079
0.0051554,0.0068298,0.0084999,0.0099373,0.010914,0.01126,0.010914,0.0099373,0.011975,0.012047,0.012513,0.013402,0.014565,0.014181,0.015575,0.016069,0.015575,0.014181,0.01213,0.0097466,0.0092627,0.0080776,0.0075093,0.0053442,0.006651,0.0077758,0.0085401,0.0088112,0.0085401,0.0077758,0.0088001,0.0085704,0.0085837,0.0088879,0.0094066,0.0087697,0.0096316,0.0099373,0.011109,0.010987,0.010628,0.012605,0.013361,0.014409,0.015599,0.01533,0.016557,0.016941
0.0049968,0.0066197,0.0082383,0.0096316,0.010578,0.010914,0.010578,0.0096316,0.012151,0.012493,0.013279,0.014516,0.016016,0.015965,0.017534,0.01809,0.017534,0.015965,0.013655,0.010972,0.010286,0.008881,0.0081542,0.0056196,0.0069936,0.0081764,0.00898,0.0092651,0.00898,0.0081764,0.0088319,0.0083791,0.0081334,0.0081634,0.0084197,0.0075011,0.0082383,0.0084999,0.0093533,0.0091748,0.0087764,0.010643,0.011326,0.012306,0.013455,0.013394,0.014628,0.015128
0.0045496,0.0060273,0.0075011,0.0087697,0.0096316,0.0099373,0.0096316,0.0087697,0.0117,0.01233,0.013438,0.015001,0.016803,0.017133,0.018817,0.019414,0.018817,0.017133,0.014654,0.011775,0.010727,0.0090623,0.0080901,0.0051554,0.006416,0.0075011,0.0082383,0.0084999,0.0082383,0.0075011,0.0078931,0.0073727,0.0070184,0.006902,0.0069936,0.0060273,0.0066197,0.0068298,0.0074103,0.0072141,0.0068291,0.0085089,0.0091126,0.0099931,0.011048,0.011157,0.012313,0.012858
0.0062518,0.0073045,0.0082542,0.0089781,0.0093533,0.0092905,0.008765,0.0075011,0.010714,0.011608,0.012991,0.014814,0.01684,0.017539,0.019263,0.019875,0.019263,0.017539,0.015002,0.012055,0.011248,0.0096785,0.0088478,0.0060273,0.0075011,0.0087697,0.0096316,0.0099373,0.0096316,0.0087697,0.008616,0.007701,0.00691,0.0063531,0.0060406,0.0045496,0.0049968,0.0051554,0.0055235,0.0053403,0.0050065,0.0064422,0.006958,0.0077143,0.0086307,0.0088513,0.0098614,0.010387
0.0066702,0.0073687,0.0079149,0.0082446,0.0082934,0.0080167,0.0074103,0.0060273,0.009354,0.010445,0.012015,0.013992,0.016131,0.017133,0.018817,0.019414,0.018817,0.017133,0.014654,0.011775,0.011249,0.009846,0.0091954,0.0066197,0.0082383,0.0096316,0.010578,0.010914,0.010578,0.0096316,0.009029,0.0078065,0.0066705,0.0057606,0.0051198,0.0032262,0.0035433,0.0036557,0.0035433,0.0032262,0.0027595,0.0036944,0.003891,0.0043138,0.0049331,0.0051554,0.0060273,0.0066197
0.0073571,0.0076766,0.007783,0.0076766,0.0073571,0.0068291,0.0061117,0.0045496,0.0078038,0.009,0.010643,0.012646,0.01477,0.015965,0.017534,0.01809,0.017534,0.015965,0.013655,0.010972,0.010718,0.0095288,0.0090677,0.0068298,0.0084999,0.0099373,0.010914,0.01126,0.010914,0.0099373,0.0090265,0.0076204,0.0062704,0.0051328,0.0042735,0.0021491,0.0023603,0.0024352,0.0023603,0.0021491,0.0018382,0.002592,0.0027887,0.0031509,0.0036536,0.0038915,0.0045496,0.0049968
0.0082934,0.0082446,0.0079149,0.0073687,0.0066702,0.0058731,0.0050203,0.0032262,0.0062348,0.0074343,0.0090309,0.010933,0.01292,0.014181,0.015575,0.016069,0.015575,0.014181,0.01213,0.0097466,0.0097175,0.0087603,0.0084721,0.0066197,0.0082383,0.0096316,0.010578,0.010914,0.010578,0.0096316,0.0082383,0.0066197,0.0049968,0.0035433,0.0023603,0,0,0,0,0,0,0.00079061,0.0011868,0.0016737,0.0022173,0.0027595,0.0032262,0.0035433
0.0093533,0.0089781,0.0082542,0.0073045,0.0062518,0.0051947,0.0041985,0.0021491,0.0047779,0.0058901,0.0073383,0.0090352,0.010787,0.011996,0.013175,0.013593,0.013175,0.011996,0.010261,0.0082446,0.0083725,0.0076392,0.0074894,0.0060273,0.0075011,0.0087697,0.0096316,0.0099373,0.0096316,0.0087697,0.0075011,0.0060273,0.0045496,0.0032262,0.0021491,0,0,0,0,0,0,0.00052666,0.00079061,0.0011149,0.0014771,0.0018382,0.0021491,0.0023603
0.0096316,0.0087697,0.0075011,0.0060273,0.0045496,0.0032262,0.0021491,0,0.0023649,0.0035501,0.0050065,0.0066325,0.0082542,0.0096502,0.010599,0.010935,0.010599,0.0096502,0.0082542,0.0066325,0.0068447,0.0063096,0.0062564,0.0051554,0.006416,0.0075011,0.0082383,0.0084999,0.0082383,0.0075011,0.006416,0.0051554,0.0038915,0.0027595,0.0018382,0,0,0,0,0,0,0,0,0,0,0,0,0
0.010578,0.0096316,0.0082383,0.0066197,0.0049968,0.0035433,0.0023603,0,0.0014771,0.0022173,0.0031269,0.0041425,0.0056821,0.0068179,0.0077346,0.0083069,0.0084579,0.0081764,0.0075157,0.0065777,0.0069643,0.0065837,0.0064422,0.0056196,0.0062704,0.0068179,0.0071464,0.0068298,0.0066197,0.0060273,0.0051554,0.0041425,0.0031269,0.0022173,0.0014771,0,0,0,0,0,0,0,0,0,0,0,0,0
0.013274,0.012373,0.01086,0.0089789,0.0069936,0.0051328,0.0035502,0.00079061,0.0016416,0.0016737,0.0023603,0.0031269,0.0046821,0.0057365,0.0066705,0.0073727,0.0077563,0.0077758,0.0074348,0.0067827,0.0070185,0.0065736,0.0062348,0.0053442,0.0055652,0.0057365,0.0057874,0.0051554,0.0049968,0.0045496,0.0038915,0.0031269,0.0023603,0.0016737,0.0011149,0,0,0,0,0,0,0,0,0,0,0,0,0
0.014122,0.013287,0.011782,0.0098459,0.0077563,0.0057606,0.004034,0.0011868,0.0015812,0.0011868,0.0016737,0.0022173,0.0038744,0.0048999,0.0059036,0.0067827,0.0074348,0.0077758,0.0077563,0.0073727,0.0074611,0.0069233,0.0063558,0.0053442,0.0051198,0.0048999,0.0046582,0.0036557,0.0035433,0.0032262,0.0027595,0.0022173,0.0016737,0.0011868,0.00079061,0,0,0,0,0,0,0,0,0,0,0,0,0
0.014628,0.013925,0.012498,0.010577,0.0084412,0.0063531,0.0045094,0.0016737,0.0016416,0.00079061,0.0011149,0.0014771,0.0033153,0.0043664,0.0054872,0.0065777,0.0075157,0.0081764,0.0084579,0.0083069,0.0082613,0.0076085,0.006797,0.0056196,0.0049651,0.0043664,0.0038374,0.0024352,0.0023603,0.0021491,0.0018382,0.0014771,0.0011149,0.00079061,0.00052666,0,0,0,0,0,0,0,0,0,0,0,0,0
0.014858,0.014331,0.013036,0.011183,0.0090469,0.006902,0.0049651,0.0022173,0.0014771,0,0,0,0.0018382,0.0027595,0.0038915,0.0051554,0.006416,0.0075011,0.0082383,0.0084999,0.0082383,0.0075011,0.006416,0.0051554,0.0038915,0.0027595,0.0018382,0,0,0,0,0,0,0,0,0,0,0,0,0,0,0,0,0,0,0,0,0
0.014858,0.014527,0.013394,0.011644,0.0095429,0.0073727,0.0053686,0.0027595,0.0018382,0,0,0,0.0021491,0.0032262,0.0045496,0.0060273,0.0075011,0.0087697,0.0096316,0.0099373,0.0096316,0.0087697,0.0075011,0.0060273,0.0045496,0.0032262,0.0021491,0,0,0,0,0,0,0,0,0,0,0,0,0,0,0,0,0,0,0,0,0
0.014628,0.014487,0.013523,0.011897,0.0098614,0.007701,0.0056646,0.0032262,0.0021491,0,0,0,0.0023603,0.0035433,0.0049968,0.0066197,0.0082383,0.0096316,0.010578,0.010914,0.010578,0.0096316,0.0082383,0.0066197,0.0049968,0.0035433,0.0023603,0,0,0,0,0,0,0,0,0,0,0,0,0,0,0,0,0,0,0,0,0
0.014122,0.01414,0.013338,0.011849,0.0099121,0.0078065,0.0057874,0.0035433,0.0023603,0,0,0,0.0024352,0.0036557,0.0051554,0.0068298,0.0084999,0.0099373,0.010914,0.01126,0.010914,0.0099373,0.0084999,0.0068298,0.0051554,0.0036557,0.0024352,0,0,0,0,0,0,0,0,0,0,0,0,0,0,0,0,0,0,0,0,0
0.013274,0.01341,0.012752,0.011414,0.0096148,0.0076204,0.0056821,0.0036557,0.0024352,0,0,0,0.0023603,0.0035433,0.0049968,0.0066197,0.0082383,0.0096316,0.010578,0.010914,0.010578,0.0096316,0.0082383,0.0066197,0.0049968,0.0035433,0.0023603,0,0,0,0,0,0,0,0,0,0,0,0,0,0,0,0,0,0,0,0,0
0.010578,0.010914,0.010578,0.0096316,0.0082383,0.0066197,0.0049968,0.0035433,0.0023603,0,0,0,0.0021491,0.0032262,0.0045496,0.0060273,0.0075011,0.0087697,0.0096316,0.0099373,0.0096316,0.0087697,0.0075011,0.0060273,0.0045496,0.0032262,0.0021491,0,0,0,0,0,0,0,0,0,0,0,0,0,0,0,0,0,0,0,0,0
0.0096316,0.0099373,0.0096316,0.0087697,0.0075011,0.0060273,0.0045496,0.0032262,0.0021491,0,0,0,0.0018382,0.0027595,0.0038915,0.0051554,0.006416,0.0075011,0.0082383,0.0084999,0.0082383,0.0075011,0.006416,0.0051554,0.0038915,0.0027595,0.0018382,0,0,0,0,0,0,0,0,0,0,0,0,0,0,0,0,0,0,0,0,0
0.0082383,0.0084999,0.0082383,0.0075011,0.006416,0.0051554,0.0038915,0.0027595,0.0018382,0,0,0,0.0014771,0.0022173,0.0031269,0.0041425,0.0051554,0.0060273,0.0066197,0.0068298,0.0066197,0.0060273,0.0051554,0.0041425,0.0031269,0.0022173,0.0014771,0,0,0,0,0,0,0,0,0,0,0,0,0,0,0,0,0,0,0,0,0
0.0066197,0.0068298,0.0066197,0.0060273,0.0051554,0.0041425,0.0031269,0.0022173,0.0014771,0,0,0,0.0011149,0.0016737,0.0023603,0.0031269,0.0038915,0.0045496,0.0049968,0.0051554,0.0049968,0.0045496,0.0038915,0.0031269,0.0023603,0.0016737,0.0011149,0,0,0,0,0,0,0,0,0,0,0,0,0,0,0,0,0,0,0,0,0
0.0049968,0.0051554,0.0049968,0.0045496,0.0038915,0.0031269,0.0023603,0.0016737,0.0011149,0,0,0,0.00079061,0.0011868,0.0016737,0.0022173,0.0027595,0.0032262,0.0035433,0.0036557,0.0035433,0.0032262,0.0027595,0.0022173,0.0016737,0.0011868,0.00079061,0,0,0,0,0,0,0,0,0,0,0,0,0,0,0,0,0,0,0,0,0
0.0035433,0.0036557,0.0035433,0.0032262,0.0027595,0.0022173,0.0016737,0.0011868,0.00079061,0,0,0,0.00052666,0.00079061,0.0011149,0.0014771,0.0018382,0.0021491,0.0023603,0.0024352,0.0023603,0.0021491,0.0018382,0.0014771,0.0011149,0.00079061,0.00052666,0,0,0,0,0,0,0,0,0,0,0,0,0,0,0,0,0,0,0,0,0
0.0023603,0.0024352,0.0023603,0.0021491,0.0018382,0.0014771,0.0011149,0.00079061,0.00052666,0,0,0,0,0,0,0,0,0,0,0,0,0,0,0,0,0,0,0,0,0,0,0,0,0,0,0,0,0,0,0,0,0,0,0,0,0,0,0
0,0,0,0,0,0,0,0,0,0,0,0,0,0,0,0,0,0,0,0,0,0,0,0,0,0,0,0,0,0,0,0,0,0,0,0,0,0,0,0,0,0,0,0,0,0,0,0
0,0,0,0,0,0,0,0,0,0,0,0,0,0,0,0,0,0,0,0,0,0,0,0,0,0,0,0,0,0,0,0,0,0,0,0,0,0,0,0,0,0,0,0,0,0,0,0
0,0,0,0,0,0,0,0,0,0,0,0,0,0,0,0,0,0,0,0,0,0,0,0,0,0,0,0,0,0,0,0,0,0,0,0,0,0,0,0,0,0,0,0,0,0,0,0
