0,0,0,0,0,0,0,0,0,0,0,0,0,0,0,0,0,0,0,0,0,0,0,0,0,0.00052666,0.00079061,0.0011149,0.0014771,0.0018382,0.0021491,0.0023603,0.0024352,0.0023603,0.0021491,0.0018382,0.0014771,0.0011149,0.00079061,0.00052666,0.0021491,0.0032262,0.0045496,0,0,0,0,0
0,0,0,0,0,0,0,0,0,0,0,0,0,0,0,0,0,0,0,0,0,0,0,0,0,0.00079061,0.0011868,0.0016737,0.0022173,0.0027595,0.0032262,0.0035433,0.0036557,0.0035433,0.0032262,0.0027595,0.0022173,0.0016737,0.0011868,0.00079061,0.0023603,0.0035433,0.0049968,0.0066197,0.0082383,0,0,0
0,0,0,0,0,0,0,0,0,0,0,0,0,0,0,0,0,0,0,0,0,0,0,0,0,0.0011149,0.0016737,0.0023603,0.0031269,0.0038915,0.0045496,0.0049968,0.0051554,0.0049968,0.0045496,0.0038915,0.0031269,0.0023603,0.0016737,0.0011149,0.0024352,0.0036557,0.0051554,0.0068298,0.0084999,0.0099373,0,1
0,0,0,0,0,0,0,0,0,0,0,0,0,0,0,0,0,0,0,0,0,0,0,0,0,0.0014771,0.0022173,0.0031269,0.0041425,0.0051554,0.0060273,0.0066197,0.0068298,0.0066197,0.0060273,0.0051554,0.0041425,0.0031269,0.0022173,0.0014771,0.0023603,0.0035433,0.0049968,0.0066197,0.0082383,0.0096316,0.010578,0.013274
0,0,0,0,0,0,0,0,0,0,0,0,0,0,0,0,0,0,0,0,0,0,0,0,0,0.0018382,0.0027595,0.0038915,0.0051554,0.006416,0.0075011,0.0082383,0.0084999,0.0082383,0.0075011,0.006416,0.0051554,0.0038915,0.0027595,0.0018382,0.0021491,0.0032262,0.0045496,0.0060273,0.0075011,0.0092963,0.010422,0.013201
0,0,0,0,0,0,0,0,0,0,0,0,0,0,0,0,0,0,0,0,0,0,0,0,0,0.0021491,0.0032262,0.0045496,0.0060273,0.0075011,0.0087697,0.0096316,0.0099373,0.0096316,0.0087697,0.0075011,0.0060273,0.0045496,0.0032262,0.0021491,0.0018382,0.0027595,0.0038915,0.0051554,0.006416,0.0082917,0.0094252,0.012012
0,0,0,0,0,0,0,0,0,0,0,0,0,0,0,0,0,0,0,0,0,0,0,0,0,0.0023603,0.0035433,0.0049968,0.0066197,0.0082383,0.0096316,0.010578,0.010914,0.010578,0.0096316,0.0082383,0.0066197,0.0049968,0.0035433,0.0023603,0.0014771,0.0022173,0.0031269,0.0041425,0.0051554,0.0071422,0.0082934,0.010667
0,0,0,0,0,0,0,0,0,0,0,0,0,0,0,0,0,0,0,0,0,0,0,0,0,0.0024352,0.0036557,0.0051554,0.0068298,0.0084999,0.0099373,0.010914,0.01126,0.010914,0.0099373,0.0084999,0.0068298,0.0051554,0.0036557,0.0024352,0.0011149,0.0016737,0.0023603,0.0031269,0.0038915,0.0060267,0.0072141,0.0093973
0,0,0,0,0,0,0,0,0,0,0,0,0,0,0,0,0,0,0,0,0,0,0,0,0,0.0023603,0.0035433,0.0055235,0.0074103,0.0093533,0.011109,0.012416,0.013063,0.012939,0.012067,0.010599,0.0087688,0.006835,0.0050203,0.0034753,0.0015812,0.0017135,0.0016737,0.0022173,0.0027595,0.0050644,0.0063028,0.0083379
0,0,0,0,0,0,0,0,0,0,0,0,0,0,0,0,0,0,0,0,0,0,0,0,0,0.0021491,0.0032262,0.0053403,0.0072141,0.0091748,0.010987,0.012391,0.013164,0.013175,0.012425,0.011044,0.0092535,0.0073091,0.0054435,0.0038228,0.0017135,0.0015812,0.0011149,0.0014771,0.0018382,0.0042982,0.0055865,0.0075116
0,0,0,0,0,0,0,0,0,0,0,0,0,0,0,0,0,0,0,0,0,0,0,0,0,0.0018382,0.0027595,0.0050065,0.0068291,0.0087764,0.010628,0.01213,0.013049,0.013235,0.012657,0.011413,0.0097051,0.007783,0.0058864,0.0041985,0.0016737,0.0011149,0,0,0,0.0023603,0.0035433,0.0049968
0,0,0,0,0,0,0,0,0,0,0,0,0,0,0,0,0,0,0,0,0,0,0,0,0,0.0014771,0.0022173,0.004604,0.0063598,0.0082823,0.01017,0.011775,0.012857,0.013239,0.012857,0.011775,0.01017,0.0082823,0.0063598,0.004604,0.0022173,0.0014771,0,0,0,0.0024352,0.0036557,0.0051554
0,0,0,0,0,0,0,0,0,0,0,0,0,0,0,0,0,0,0,0,0,0,0,0,0,0.0011149,0.0016737,0.0041985,0.0058864,0.007783,0.0097051,0.011413,0.012657,0.013235,0.013049,0.01213,0.010628,0.0087764,0.0068291,0.0050065,0.0027595,0.0018382,0,0,0,0.0023603,0.0035433,0.0049968
0,0,0,0,0,0,0,0,0,0,0,0.00052666,0.00079061,0.0011149,0.0014771,0.0018382,0.0021491,0.0023603,0.0024352,0.0023603,0.0021491,0.0018382,0.0014771,0.0011149,0.00079061,0.0013173,0.0011868,0.0038228,0.0054435,0.0073091,0.0092535,0.011044,0.012425,0.013175,0.013164,0.012391,0.010987,0.0091748,0.0072141,0.0053403,0.0032262,0.0021491,0,0.00052666,0.00079061,0.003264,0.0047032,0.0063879
0,0,0,0,0,0,0,0,0,0,0,0.00079061,0.0011868,0.0016737,0.0022173,0.0027595,0.0032262,0.0035433,0.0036557,0.0035433,0.0032262,0.0027595,0.0022173,0.0016737,0.0011868,0.0013173,0.00079061,0.0034753,0.0050203,0.006835,0.0087688,0.010599,0.012067,0.012939,0.013063,0.012416,0.011109,0.0093533,0.0074103,0.0055235,0.0035433,0.0023603,0,0.00079061,0.0011868,0.0035119,0.0049768,0.006651
0,0,0,0,0,0,0,0,0,0,0,0.0011149,0.0016737,0.0023603,0.0031269,0.0038915,0.0045496,0.0049968,0.0051554,0.0049968,0.0045496,0.0038915,0.0031269,0.0023603,0.0016737,0.0011149,0,0.0024352,0.0036557,0.0051554,0.0068298,0.0084999,0.0099373,0.010914,0.01126,0.010914,0.0099373,0.0084999,0.0068298,0.0051554,0.0036557,0.0024352,0,0.0011149,0.0016737,0.0038374,0.0053442,0.0070184
0,0,0,0,0,0,0,0,0,0,0,0.0014771,0.0022173,0.0031269,0.0041425,0.0051554,0.0060273,0.0066197,0.0068298,0.0066197,0.0060273,0.0051554,0.0041425,0.0031269,0.0022173,0.0014771,0,0.0023603,0.0040699,0.0057874,0.0077346,0.0097154,0.01147,0.012727,0.013274,0.013013,0.011992,0.010387,0.0084579,0.0064739,0.0046582,0.0031509,0.00052666,0.0014771,0.0022173,0.0042419,0.0058162,0.0075157
0,0,0,0,0,0,0,0,0,0,0,0.0018382,0.0027595,0.0038915,0.0051554,0.006416,0.0075011,0.0082383,0.0084999,0.0082383,0.0075011,0.006416,0.0051554,0.0038915,0.0027595,0.0018382,0,0.0021491,0.0040168,0.0057365,0.007701,0.0097184,0.011529,0.012858,0.013481,0.013287,0.012313,0.010727,0.0087868,0.006767,0.0048999,0.0033359,0.00079061,0.0018382,0.0027595,0.0046821,0.0063423,0.0080897
0,0,0,0,0,0,0,0,0,0,0,0.0021491,0.0032262,0.0045496,0.0060273,0.0075011,0.0087697,0.0096316,0.0099373,0.0096316,0.0087697,0.0075011,0.0060273,0.0045496,0.0032262,0.0021491,0,0.0018382,0.0038744,0.0055652,0.0075157,0.0095429,0.011393,0.012788,0.013497,0.013394,0.012498,0.010966,0.0090469,0.0070184,0.0051198,0.0035119,0.0011149,0.0021491,0.0032262,0.0050763,0.0068179,0.008616
0,0,0,0,0,0,0,0.00052666,0.00079061,0.0011149,0.0014771,0.0041985,0.0056924,0.0073571,0.0090549,0.010599,0.011781,0.012416,0.012391,0.011693,0.010422,0.008765,0.0066197,0.0049968,0.0035433,0.0023603,0,0.0014771,0.0036944,0.0053442,0.0072694,0.0092979,0.011183,0.012647,0.01345,0.01345,0.012647,0.011183,0.0092979,0.0072694,0.0053442,0.0036944,0.0014771,0.0023603,0.0040699,0.0057874,0.0077346,0.0097154
0,0,0,0,0,0,0,0.00079061,0.0011868,0.0016737,0.0022173,0.0051947,0.0068819,0.0086987,0.010486,0.012043,0.013164,0.013674,0.013478,0.012588,0.011124,0.0092905,0.0068298,0.0051554,0.0036557,0.0024352,0,0.0011149,0.0035119,0.0051198,0.0070184,0.0090469,0.010966,0.012498,0.013394,0.013497,0.012788,0.011393,0.0095429,0.0075157,0.0055652,0.0038744,0.0018382,0.0024352,0.0044464,0.0063423,0.0085035,0.010717
0.0011149,0.0014771,0.0018382,0.0021491,0.0023603,0.0024352,0.0023603,0.003264,0.0035119,0.0038374,0.0042419,0.0070425,0.0086196,0.0099936,0.011775,0.013235,0.014181,0.01447,0.014041,0.012939,0.011305,0.0093533,0.0066197,0.0049968,0.0035433,0.0023603,0,0.00079061,0.0033359,0.0048999,0.006767,0.0087868,0.010727,0.012313,0.013287,0.013481,0.012858,0.011529,0.0097184,0.007701,0.0057365,0.0040168,0.0021491,0.0023603,0.0046582,0.0066705,0.00898,0.011365
0.0016737,0.0022173,0.0027595,0.0032262,0.0035433,0.0036557,0.0035433,0.0047032,0.0049768,0.0053442,0.0058162,0.0084914,0.010044,0.011169,0.012857,0.014121,0.014797,0.014787,0.01408,0.012759,0.010987,0.0089781,0.0060273,0.0045496,0.0032262,0.0021491,0,0.00052666,0.0031509,0.0046582,0.0064739,0.0084579,0.010387,0.011992,0.013013,0.013274,0.012727,0.01147,0.0097154,0.0077346,0.0057874,0.0040699,0.0023603,0.0021491,0.0047032,0.006767,0.0091542,0.011644
0.0023603,0.0031269,0.0038915,0.0045496,0.0049968,0.0051554,0.0049968,0.0063879,0.006651,0.0070184,0.0075157,0.009928,0.011376,0.01213,0.013655,0.015181,0.015793,0.015769,0.015132,0.013968,0.01241,0.010615,0.0075907,0.0062518,0.0049086,0.0036764,0.0014771,0.0011149,0.0032259,0.0041824,0.0051554,0.0068298,0.0084999,0.0099373,0.010914,0.01126,0.010914,0.0099373,0.0084999,0.0068298,0.0051554,0.0036557,0.0024352,0.0018382,0.0045977,0.006651,0.0090469,0.011571
0.0031269,0.0041425,0.0051554,0.0060273,0.0066197,0.0068298,0.0066197,0.0087031,0.0091722,0.0098071,0.010631,0.013034,0.014613,0.015119,0.016515,0.017938,0.018133,0.017633,0.016551,0.015044,0.01327,0.011374,0.0077982,0.0066702,0.0054435,0.0042366,0.0022173,0.0016737,0.0035472,0.0043339,0.0049968,0.0066197,0.0082383,0.0096316,0.010578,0.010914,0.010578,0.0096316,0.0082383,0.0066197,0.0049968,0.0035433,0.0023603,0.0014771,0.0043664,0.0063531,0.0086921,0.011183
0.0038915,0.0051554,0.006416,0.0075011,0.0082383,0.0084999,0.0082383,0.010652,0.011146,0.011826,0.012729,0.014872,0.01637,0.016482,0.017697,0.019128,0.019081,0.018355,0.017119,0.015559,0.013829,0.012039,0.0082823,0.0073571,0.0062234,0.0050065,0.0031269,0.0023603,0.0038228,0.0043411,0.0045496,0.0060273,0.0075011,0.0087697,0.0096316,0.0099373,0.0096316,0.0087697,0.0075011,0.0060273,0.0045496,0.0032262,0.0021491,0.0011149,0.004034,0.0059036,0.0081237,0.010511
0.0045496,0.0060273,0.0075011,0.0087697,0.0096316,0.0099373,0.0096316,0.01232,0.012831,0.013543,0.014506,0.016408,0.017823,0.017585,0.018633,0.020147,0.01993,0.019062,0.017755,0.016214,0.014583,0.012929,0.0090471,0.0082934,0.0072141,0.005946,0.0041425,0.0031269,0.0040555,0.0042366,0.0038915,0.0056821,0.0072066,0.008616,0.0097154,0.010338,0.010387,0.0098614,0.0088513,0.0075157,0.0060406,0.0045977,0.0033153,0.0019055,0.0044127,0.0058561,0.0073727,0.0095893
0.0049968,0.0066197,0.0082383,0.0096316,0.010578,0.010914,0.010578,0.013469,0.013999,0.014743,0.015759,0.017464,0.01881,0.018313,0.019221,0.020874,0.020567,0.019646,0.01888,0.017691,0.016526,0.015391,0.011815,0.011502,0.010652,0.0093779,0.0075157,0.0060406,0.0060748,0.0055326,0.0042419,0.0057237,0.0068689,0.007701,0.008837,0.0095893,0.0098459,0.0095706,0.0088112,0.0076858,0.0063531,0.0049768,0.0036944,0.0022004,0.0043378,0.0054488,0.0064739,0.0084579
0.0056821,0.0068298,0.0084999,0.0099373,0.010914,0.01126,0.010914,0.013925,0.014486,0.015271,0.016338,0.017573,0.018706,0.01787,0.018437,0.020019,0.019497,0.018467,0.018001,0.017129,0.016429,0.015836,0.012697,0.012858,0.012313,0.011157,0.0095706,0.0077758,0.0071006,0.0060401,0.004034,0.0054287,0.0063558,0.00691,0.0081237,0.0090469,0.0095465,0.0095465,0.0090469,0.0081237,0.00691,0.0055652,0.0042419,0.0023603,0.0038228,0.0043411,0.0045496,0.0060273
0.0057874,0.0066197,0.0082383,0.0096316,0.010578,0.010914,0.010578,0.013619,0.014224,0.015061,0.01618,0.01746,0.018631,0.01787,0.018437,0.02023,0.019814,0.018914,0.018917,0.018353,0.017978,0.017692,0.014806,0.015128,0.014628,0.013394,0.011617,0.0095465,0.0082254,0.0066741,0.004034,0.0053681,0.0060918,0.0063531,0.0076858,0.0088112,0.0095706,0.0098459,0.0095893,0.0093637,0.0090183,0.0082478,0.0075251,0.0064422,0.0080429,0.008746,0.0086871,0.009951
0.0056646,0.0060273,0.0075011,0.0087697,0.0096316,0.0099373,0.0096316,0.012607,0.013262,0.014151,0.015312,0.01662,0.017808,0.017198,0.017744,0.019633,0.019315,0.018549,0.019069,0.018841,0.018825,0.018894,0.016416,0.016941,0.016557,0.01533,0.01345,0.011183,0.0093378,0.0073684,0.0042419,0.0055326,0.0060748,0.0060406,0.0075157,0.0088513,0.0098614,0.010387,0.010338,0.010506,0.010593,0.010067,0.0095731,0.0088683,0.010222,0.010825,0.010326,0.011342
0.0058952,0.0051554,0.006416,0.0075011,0.0082383,0.0084999,0.0082383,0.011051,0.011745,0.012671,0.013848,0.015151,0.016325,0.015911,0.016416,0.018271,0.01803,0.017388,0.018415,0.018514,0.018853,0.019284,0.01733,0.018079,0.01787,0.016738,0.014858,0.012498,0.0099593,0.0075157,0.0038915,0.0049086,0.0050644,0.0045496,0.0060273,0.0075011,0.0087697,0.0096316,0.0099373,0.010747,0.011558,0.011535,0.011515,0.011568,0.012782,0.013369,0.012513,0.013279
