0,0,0,0,0,0,0,0,0,0,0,0,0,0,0,0,0,0,0,0,0,0,0,0,0,0,0,0,0.0021491,0.0032262,0.0053403,0.0072141,0.0091748,0.010987,0.012391,0.013164,0.013175,0.012425,0.011044,0.0092535,0.0073091,0.0054435,0.0038228,0.0017135,0.0015812,0.0011149,0.0014771,0.0036764
0,0,0,0,0,0,0,0,0,0,0,0,0,0,0,0,0,0,0,0,0,0,0,0,0,0,0,0,0.0018382,0.0027595,0.0050065,0.0068291,0.0087764,0.010628,0.01213,0.013049,0.013235,0.012657,0.011413,0.0097051,0.007783,0.0058864,0.0041985,0.0016737,0.0011149,0,0,0.0021491
0,0,0,0,0,0,0,0,0,0,0,0,0,0,0,0,0,0,0,0,0,0,0,0,0,0,0,0,0.0014771,0.0022173,0.004604,0.0063598,0.0082823,0.01017,0.011775,0.012857,0.013239,0.012857,0.011775,0.01017,0.0082823,0.0063598,0.004604,0.0022173,0.0014771,0,0,0.0023603
0,0,0,0,0,0,0,0,0,0,0,0,0,0,0,0,0,0,0,0,0,0,0,0,0,0,0,0,0.0011149,0.0016737,0.0041985,0.0058864,0.007783,0.0097051,0.011413,0.012657,0.013235,0.013049,0.01213,0.010628,0.0087764,0.0068291,0.0050065,0.0027595,0.0018382,0,0,0.0024352
0,0,0,0,0,0,0,0,0,0,0,0,0,0,0.00052666,0.00079061,0.0011149,0.0014771,0.0018382,0.0021491,0.0023603,0.0024352,0.0023603,0.0021491,0.0018382,0.0014771,0.0011149,0.00079061,0.0013173,0.0011868,0.0038228,0.0054435,0.0073091,0.0092535,0.011044,0.012425,0.013175,0.013164,0.012391,0.010987,0.0091748,0.0072141,0.0053403,0.0032262,0.0021491,0,0,0.0023603
0,0,0,0,0,0,0,0,0,0,0,0,0,0,0.00079061,0.0011868,0.0016737,0.0022173,0.0027595,0.0032262,0.0035433,0.0036557,0.0035433,0.0032262,0.0027595,0.0022173,0.0016737,0.0011868,0.0013173,0.00079061,0.0034753,0.0050203,0.006835,0.0087688,0.010599,0.012067,0.012939,0.013063,0.012416,0.011109,0.0093533,0.0074103,0.0055235,0.0035433,0.0023603,0,0.00052666,0.0029397
0,0,0,0,0,0,0,0,0,0,0,0,0,0,0.0011149,0.0016737,0.0023603,0.0031269,0.0038915,0.0045496,0.0049968,0.0051554,0.0049968,0.0045496,0.0038915,0.0031269,0.0023603,0.0016737,0.0011149,0,0.0024352,0.0036557,0.0051554,0.0068298,0.0084999,0.0099373,0.010914,0.01126,0.010914,0.0099373,0.0084999,0.0068298,0.0051554,0.0036557,0.0024352,0,0.00079061,0.0030251
0,0,0,0,0,0,0,0,0,0,0,0,0,0,0.0014771,0.0022173,0.0031269,0.0041425,0.0051554,0.0060273,0.0066197,0.0068298,0.0066197,0.0060273,0.0051554,0.0041425,0.0031269,0.0022173,0.0014771,0,0.0023603,0.0040699,0.0057874,0.0077346,0.0097154,0.01147,0.012727,0.013274,0.013013,0.011992,0.010387,0.0084579,0.0064739,0.0046582,0.0031509,0.00052666,0.0011149,0.0031508
0,0,0,0,0,0,0,0,0,0,0,0,0,0,0.0018382,0.0027595,0.0038915,0.0051554,0.006416,0.0075011,0.0082383,0.0084999,0.0082383,0.0075011,0.006416,0.0051554,0.0038915,0.0027595,0.0018382,0,0.0021491,0.0040168,0.0057365,0.007701,0.0097184,0.011529,0.012858,0.013481,0.013287,0.012313,0.010727,0.0087868,0.006767,0.0048999,0.0033359,0.00079061,0.0014771,0.0033323
0,0,0,0,0,0,0,0,0,0,0,0,0,0,0.0021491,0.0032262,0.0045496,0.0060273,0.0075011,0.0087697,0.0096316,0.0099373,0.0096316,0.0087697,0.0075011,0.0060273,0.0045496,0.0032262,0.0021491,0,0.0018382,0.0038744,0.0055652,0.0075157,0.0095429,0.011393,0.012788,0.013497,0.013394,0.012498,0.010966,0.0090469,0.0070184,0.0051198,0.0035119,0.0011149,0.0018382,0.0035501
0,0,0,0,0,0,0,0,0,0.00052666,0.00079061,0.0011149,0.0014771,0.0018382,0.0045094,0.0059036,0.0074321,0.00898,0.010387,0.01147,0.012055,0.012029,0.011369,0.010158,0.0082383,0.0066197,0.0049968,0.0035433,0.0023603,0,0.0014771,0.0036944,0.0053442,0.0072694,0.0092979,0.011183,0.012647,0.01345,0.01345,0.012647,0.011183,0.0092979,0.0072694,0.0053442,0.0036944,0.0014771,0.0021491,0.0037528
0,0,0,0,0,0,0,0,0,0.00079061,0.0011868,0.0016737,0.0022173,0.0027595,0.0056614,0.007199,0.0088112,0.010373,0.011726,0.012697,0.013131,0.012934,0.012101,0.010728,0.0084999,0.0068298,0.0051554,0.0036557,0.0024352,0,0.0011149,0.0035119,0.0051198,0.0070184,0.0090469,0.010966,0.012498,0.013394,0.013497,0.012788,0.011393,0.0095429,0.0075157,0.0055652,0.0038744,0.0018382,0.0023603,0.0035433
0,0.00052666,0.00079061,0.0011149,0.0014771,0.0018382,0.0021491,0.0023603,0.0024352,0.0034753,0.0038228,0.0041985,0.004604,0.0050065,0.0077006,0.0090667,0.010152,0.011617,0.012788,0.013523,0.013705,0.013274,0.012252,0.010747,0.0082383,0.0066197,0.0049968,0.0035433,0.0023603,0,0.00079061,0.0033359,0.0048999,0.006767,0.0087868,0.010727,0.012313,0.013287,0.013481,0.012858,0.011529,0.0097184,0.007701,0.0057365,0.0040168,0.0021491,0.0024352,0.0036557
0,0.00079061,0.0011868,0.0016737,0.0022173,0.0027595,0.0032262,0.0035433,0.0036557,0.0050203,0.0054435,0.0058864,0.0063598,0.0068291,0.0093632,0.010636,0.011379,0.012647,0.013528,0.013925,0.013774,0.013064,0.011849,0.010247,0.0075011,0.0060273,0.0045496,0.0032262,0.0021491,0,0.00052666,0.0031509,0.0046582,0.0064739,0.0084579,0.010387,0.011992,0.013013,0.013274,0.012727,0.01147,0.0097154,0.0077346,0.0057874,0.0040699,0.0023603,0.0023603,0.0035433
0,0.0011149,0.0016737,0.0023603,0.0031269,0.0038915,0.0045496,0.0049968,0.0051554,0.006835,0.0073091,0.007783,0.0082823,0.0087764,0.011013,0.012113,0.012391,0.013394,0.014444,0.014708,0.014509,0.013868,0.012836,0.011488,0.0087764,0.0075907,0.0062518,0.0049086,0.0036764,0.0014771,0.0011149,0.0032259,0.0041824,0.0051554,0.0068298,0.0084999,0.0099373,0.010914,0.01126,0.010914,0.0099373,0.0084999,0.0068298,0.0051554,0.0036557,0.0024352,0.0021491,0.0032262
0,0.0014771,0.0022173,0.0031269,0.0041425,0.0051554,0.0060273,0.0066197,0.0068298,0.0087688,0.0097801,0.010496,0.011285,0.012105,0.014302,0.015475,0.015425,0.016209,0.017076,0.016864,0.016159,0.015074,0.01372,0.012193,0.0092253,0.0077982,0.0066702,0.0054435,0.0042366,0.0022173,0.0016737,0.0035472,0.0043339,0.0049968,0.0066197,0.0082383,0.0096316,0.010578,0.010914,0.010578,0.0096316,0.0082383,0.0066197,0.0049968,0.0035433,0.0023603,0.0018382,0.0027595
0,0.0018382,0.0027595,0.0038915,0.0051554,0.006416,0.0075011,0.0082383,0.0084999,0.010599,0.011835,0.0126,0.013449,0.014347,0.016266,0.017316,0.016818,0.017361,0.018181,0.017688,0.016736,0.015496,0.014105,0.012646,0.0096789,0.0082823,0.0073571,0.0062234,0.0050065,0.0031269,0.0023603,0.0038228,0.0043411,0.0045496,0.0060273,0.0075011,0.0087697,0.0096316,0.0099373,0.0096316,0.0087697,0.0075011,0.0060273,0.0045496,0.0032262,0.0021491,0.0014771,0.0022173
0,0.0021491,0.0032262,0.0045496,0.0060273,0.0075011,0.0087697,0.0096316,0.0099373,0.012067,0.01354,0.01433,0.015217,0.016176,0.017846,0.0188,0.017931,0.018287,0.019171,0.018493,0.017392,0.016081,0.014715,0.013362,0.010494,0.0090471,0.0082934,0.0072141,0.005946,0.0041425,0.0031269,0.0040555,0.0042366,0.0038915,0.0051554,0.0069427,0.0082917,0.0093533,0.0099769,0.010077,0.0096502,0.0087764,0.0075907,0.0062518,0.0049086,0.0036764,0.002592,0.0027887
0.0018382,0.0038374,0.0046582,0.0057874,0.0071464,0.0082383,0.0096316,0.010578,0.010914,0.012939,0.014652,0.015452,0.016366,0.017378,0.018857,0.019756,0.018649,0.018885,0.019928,0.019174,0.018027,0.01673,0.015973,0.015018,0.012669,0.011454,0.011192,0.010441,0.009303,0.0075907,0.0062518,0.0063857,0.0058938,0.004604,0.0052574,0.0067366,0.0077408,0.0082934,0.0090471,0.0093792,0.0092535,0.0086987,0.0077982,0.0066702,0.0054435,0.0042366,0.0030079,0.0028606
0.0027595,0.0046526,0.0053295,0.0063423,0.0076204,0.0084999,0.0099373,0.010914,0.01126,0.013063,0.015002,0.015809,0.016749,0.017812,0.018841,0.019568,0.018176,0.018131,0.019157,0.018228,0.016993,0.015732,0.015409,0.014865,0.013144,0.012155,0.012391,0.011996,0.011044,0.009683,0.0080929,0.0075673,0.0065823,0.0045776,0.0048006,0.0061933,0.007014,0.0073571,0.0082823,0.0088883,0.0090993,0.0088883,0.008809,0.0086744,0.0081289,0.0075984,0.0069689,0.0071383
0.0038915,0.0054872,0.0059036,0.0066705,0.0077346,0.0082383,0.0096316,0.010578,0.010914,0.012416,0.01454,0.015356,0.016325,0.01744,0.018545,0.019368,0.018131,0.018176,0.019493,0.018729,0.017653,0.016539,0.016662,0.01637,0.015088,0.014041,0.01447,0.014181,0.013235,0.011775,0.0099936,0.0088835,0.0074387,0.0048006,0.0045776,0.0059103,0.0065584,0.0066702,0.0077982,0.0086987,0.0092535,0.0093792,0.0098378,0.010271,0.010075,0.0098371,0.0091193,0.0091126
0.0051554,0.0062916,0.0063531,0.006767,0.0075044,0.0075011,0.0087697,0.0096316,0.0099373,0.011109,0.013347,0.014171,0.015167,0.016325,0.017492,0.0184,0.017408,0.017534,0.019041,0.018443,0.017536,0.016576,0.017191,0.017175,0.016401,0.015403,0.016069,0.015965,0.01512,0.01366,0.011775,0.01021,0.0083813,0.0052574,0.004604,0.0058938,0.0063857,0.0062518,0.0075907,0.0087764,0.0096502,0.010077,0.011092,0.012142,0.012326,0.01243,0.012174,0.012333
0.0078931,0.0081086,0.0074416,0.0071777,0.0069936,0.006416,0.0075011,0.0082383,0.0084999,0.0093533,0.01161,0.012432,0.013438,0.014613,0.015809,0.016772,0.016069,0.016257,0.017824,0.017372,0.016624,0.01581,0.016906,0.017162,0.016905,0.016069,0.016994,0.017133,0.016477,0.01512,0.013235,0.011044,0.0087764,0.0051554,0.0038915,0.0049086,0.0050644,0.0045496,0.0060273,0.0075011,0.0087697,0.0096316,0.011414,0.013326,0.014114,0.014771,0.015325,0.015732
0.0097184,0.0097047,0.0087444,0.0082587,0.0077687,0.0069936,0.0081764,0.00898,0.0092651,0.0097706,0.011724,0.012211,0.012834,0.013621,0.014472,0.015179,0.014234,0.014457,0.015954,0.015617,0.015005,0.014321,0.015834,0.01633,0.016542,0.015965,0.017133,0.017539,0.017133,0.015965,0.014181,0.011996,0.0096502,0.0060273,0.0045496,0.0055865,0.0056924,0.0049968,0.0066197,0.0082383,0.0096316,0.010578,0.012752,0.015176,0.016283,0.017285,0.018191,0.018914
0.011365,0.010886,0.0095311,0.0086923,0.0077046,0.006651,0.0077758,0.0085401,0.0088112,0.0090667,0.010716,0.010992,0.011371,0.0119,0.012511,0.013036,0.012067,0.012298,0.013619,0.013367,0.01287,0.012298,0.014117,0.014797,0.015384,0.01512,0.016477,0.017133,0.016994,0.016069,0.01447,0.012391,0.010077,0.0066197,0.0049968,0.0059785,0.0060161,0.0051554,0.0068298,0.0084999,0.0099373,0.010914,0.01341,0.016289,0.017713,0.019077,0.020358,0.021426
0.012642,0.011862,0.010233,0.0091668,0.0077795,0.006651,0.0077758,0.0085401,0.0088112,0.0085401,0.009614,0.0094105,0.0092358,0.0091895,0.0092766,0.0094066,0.0082383,0.0084999,0.0097154,0.0097184,0.0095429,0.0092979,0.011482,0.012443,0.013613,0.01366,0.01512,0.015965,0.016069,0.015403,0.014041,0.012155,0.0099769,0.0068298,0.0051554,0.0060161,0.0059785,0.0049968,0.0066197,0.0082383,0.0096316,0.010578,0.013274,0.016482,0.018172,0.019855,0.021478,0.022867
0.013394,0.012515,0.010764,0.0096233,0.0079799,0.0069936,0.0081764,0.00898,0.0092651,0.00898,0.0096535,0.009211,0.0087465,0.0083844,0.0081634,0.008031,0.0066197,0.0068298,0.0077346,0.007701,0.0075157,0.0072694,0.0093788,0.01031,0.011471,0.011775,0.013235,0.014181,0.01447,0.014041,0.012939,0.011305,0.0093533,0.0066197,0.0049968,0.0056924,0.0055865,0.0045496,0.0060273,0.0075011,0.0087697,0.0096316,0.012373,0.015723,0.017581,0.020013,0.022148,0.024102
0.013528,0.012415,0.010535,0.0092668,0.0073045,0.006416,0.0075011,0.0082383,0.0084999,0.0082383,0.008616,0.0080897,0.0075157,0.0070184,0.006651,0.0063879,0.0049968,0.0051554,0.0057874,0.0057365,0.0055652,0.0053442,0.0072689,0.0081261,0.0092078,0.009683,0.011044,0.011996,0.012391,0.012155,0.011305,0.0099565,0.0082917,0.0060273,0.0045496,0.0050644,0.0049086,0.0038915,0.0051554,0.006416,0.0075011,0.0082383,0.01086,0.014142,0.016041,0.018823,0.0212,0.023435
0.013036,0.012301,0.010661,0.0096695,0.0078655,0.0075011,0.0087697,0.0096316,0.0099373,0.0096316,0.0095603,0.0086879,0.007701,0.006767,0.0059857,0.0053753,0.0035433,0.0036557,0.0040699,0.0040168,0.0038744,0.0036944,0.0053502,0.0060954,0.0070425,0.0075907,0.0087764,0.0096502,0.010077,0.0099769,0.0093533,0.0082917,0.0069427,0.0051554,0.0038915,0.0042366,0.0040555,0.0031269,0.0041425,0.0051554,0.0060273,0.0066197,0.0089789,0.011995,0.013803,0.016847,0.019345,0.021758
0.011985,0.011658,0.010326,0.0096494,0.0080967,0.0082383,0.0096316,0.010578,0.010914,0.010578,0.010158,0.009029,0.0077346,0.0064739,0.0053815,0.0045094,0.0023603,0.0024352,0.0023603,0.0021491,0.0018382,0.0014771,0.002592,0.0030079,0.0036536,0.0041425,0.0051554,0.0060273,0.0066197,0.0068298,0.0066197,0.0060273,0.0051554,0.0041425,0.0031269,0.0033323,0.0031508,0.0023603,0.0031269,0.0038915,0.0045496,0.0049968,0.0069936,0.0095945,0.011201,0.014416,0.016916,0.019404
0.010511,0.010559,0.0095593,0.0091895,0.0079448,0.0084999,0.0099373,0.010914,0.01126,0.010914,0.0099373,0.0084999,0.0068298,0.0051554,0.0036557,0.0024352,0,0,0,0,0,0,0.0011149,0.0016737,0.0023603,0.0031269,0.0038915,0.0045496,0.0049968,0.0051554,0.0049968,0.0045496,0.0038915,0.0031269,0.0023603,0.0024643,0.0023018,0.0016737,0.0022173,0.0027595,0.0032262,0.0035433,0.0051328,0.0072376,0.0085704,0.011867,0.014275,0.016748
0.0087868,0.0091273,0.0084432,0.0083328,0.0074103,0.0082383,0.0096316,0.010578,0.010914,0.010578,0.0096316,0.0082383,0.0066197,0.0049968,0.0035433,0.0023603,0,0,0,0,0,0,0.00079061,0.0011868,0.0016737,0.0022173,0.0027595,0.0032262,0.0035433,0.0036557,0.0035433,0.0032262,0.0027595,0.0022173,0.0016737,0.0017135,0.0015812,0.0011149,0.0014771,0.0018382,0.0021491,0.0023603,0.0035502,0.005149,0.0061831,0.0094746,0.011722,0.014106
