0,0,0,0,0,0,0,0,0,0,0,0,0,0,0,0,0,0,0,0,0,0,0,0,0,0,0,0,0,0,0,0,0,0,0,0,0,0,0,0,0,0,0,0,0,0,0,0
0,0,0,0,0,0,0,0,0,0,0,0,0,0,0,0,0,0,0,0,0,0,0,0,0,0,0,0,0,0,0,0,0,0,0,0,0,0,0,0,0,0,0,0,0,0,0,0
0,0,0,0,0,0,0,0,0,0,0,0,0,0,0,0,0,0,0,0,0,0,0,0,0,0,0,0,0,0,0,0,0,0,0,0,0,0,0,0,0,0,0,0,0,0,0,0
0,0,0,0,0,0,0,0,0,0,0,0,0,0,0,0,0,0,0,0,0,0,0,0,0,0,0,0,0,0,0,0,0,0,0,0,0,0,0,0,0,0,0,0,0,0,0,0
0,0,0,0,0,0,0,0,0,0,0,0,0,0,0,0,0,0,0,0,0,0,0,0,0,0,0,0,0,0,0,0,0,0,0,0,0,0,0,0,0,0,0,0,0,0,0,0
0,0,0,0,0,0,0,0,0,0,0,0,0,0,0,0,0,0,0,0,0,0,0,0,0,0,0,0,0,0,0,0,0,0,0,0,0,0,0,0,0,0,0,0,0,0,0,0
0,0,0,0,0,0,0,0,0,0,0,0,0,0,0,0,0,0,0,0,0,0,0,0,0,0,0,0,0,0,0,0,0,0,0,0,0,0,0,0,0,0,0,0,0,0,0,0
0,0,0,0,0,0,0,0,0,0,0,0,0,0,0,0,0,0,0,0,0,0,0,0,0,0,0,0,0,0,0,0,0,0,0,0,0,0,0,0,0,0,0,0,0,0,0,0
0,0,0,0,0.00079061,0.0011149,0.0014771,0.0018382,0.0021491,0.0023603,0.0024352,0.0023603,0.0021491,0.0018382,0.0014771,0.0011149,0.00079061,0.00052666,0,0,0,0.0024352,0,0,0,0,0,0,1,0,0,0,0,0,0,0,0,1,0,0,0,0,0,0,0,0,0,0
0,0,0,0.00079061,0.0011868,0.0016737,0.0022173,0.0027595,0.0032262,0.0035433,0.0036557,0.0035433,0.0032262,0.0027595,0.0022173,0.0016737,0.0011868,0.00079061,0,0,0,0.0023603,0.0035433,0.0049968,0,0,0,0,0,0,0,0,0,0,0,0,0,0,0,0,0,0,0,0,0,0,0,0
0,0,0,0.0011149,0.0016737,0.0023603,0.0031269,0.0038915,0.0045496,0.0049968,0.0051554,0.0049968,0.0045496,0.0038915,0.0031269,0.0023603,0.0016737,0.0011149,0,0,0,0.0021491,0.0032262,0.0045496,0.0060273,0,0,0,0,0,0,0,0,0,0,0,0,0,0,0,0,0,0,0,0,0,0,0
0,0,0,0.0014771,0.0022173,0.0031269,0.0041425,0.0051554,0.0060273,0.0066197,0.0068298,0.0066197,0.0060273,0.0051554,0.0041425,0.0031269,0.0022173,0.0014771,0,0,0,0.0018382,0.0027595,0.0038915,0.0051554,0.006416,0.0075011,0,0,0,0,0,0,0,0,0,0,0,0,0,0,0,0,0,0,0,0,0
0,0,0,0.0018382,0.0027595,0.0038915,0.0051554,0.006416,0.0075011,0.0082383,0.0084999,0.0082383,0.0075011,0.006416,0.0051554,0.0038915,0.0027595,0.0018382,0,0,0,0.0014771,0.0022173,0.0031269,0.0041425,0.0051554,0.0060273,0.0066197,0.0068298,0,0,0,0,0,0,0,0,0,0,0,0,0,0,0,0,0,0,0
0,0,0,0.0021491,0.0032262,0.0045496,0.0060273,0.0075011,0.0087697,0.0096316,0.0099373,0.0096316,0.0087697,0.0075011,0.0060273,0.0045496,0.0032262,0.0021491,0,0,0,0.0011149,0.0016737,0.0023603,0.0031269,0.0038915,0.0045496,0.0049968,0.0051554,0.0049968,0,0,0,0,0,0,0,0,0,0,0,0,0,0,0,0,0,0
0,0,0,0.0023603,0.0035433,0.0049968,0.0066197,0.0082383,0.0096316,0.010578,0.010914,0.010578,0.0096316,0.0082383,0.0066197,0.0049968,0.0035433,0.002887,0.00079061,0.0011149,0.0014771,0.0026288,0.0033359,0.004034,0.0046526,0.0051198,0.0053753,0.0053815,0.0051328,0.0046582,0.0048074,0.004473,0,0,0,0,0,0,0,0,0,0,0,0,0,0,0,0
0,0,0,0.0024352,0.0036557,0.0051554,0.0068298,0.0084999,0.0099373,0.010914,0.01126,0.010914,0.0099373,0.0084999,0.0068298,0.0051554,0.0036557,0.0032259,0.0011868,0.0016737,0.0022173,0.0032862,0.0040168,0.0046582,0.0051328,0.0053815,0.0053753,0.0051198,0.0046526,0.004034,0.0038626,0.0034194,0.002592,0,0,0,0,0,0,0,0,0,0,0,0,0,0,0
0,0,0,0.0023603,0.0035433,0.0049968,0.0066197,0.0082383,0.0096316,0.010578,0.010914,0.010578,0.0096316,0.0082383,0.0066197,0.0049968,0.0035433,0.0034753,0.0016737,0.0023603,0.0031269,0.0038915,0.0045496,0.0049968,0.0051554,0.0049968,0.0045496,0.0038915,0.0031269,0.0023603,0.0016737,0.0011149,0,0,0,0,0,0,0,0,0,0,0,0,0,0,0,0
0,0,0,0.0021491,0.0032262,0.0045496,0.0060273,0.0075011,0.0087697,0.0096316,0.0099373,0.0096316,0.0087697,0.0075011,0.0060273,0.0045496,0.0032262,0.0036262,0.0022173,0.0031269,0.0041425,0.0051554,0.0060273,0.0066197,0.0068298,0.0066197,0.0060273,0.0051554,0.0041425,0.0031269,0.0022173,0.0014771,0,0,0.00052666,0.00079061,0,0,0,0,0,0,0,0,0,0,0,0
0.00052666,0.00079061,0.0011149,0.0033153,0.0045977,0.0060406,0.0075157,0.0088513,0.0098614,0.010387,0.010338,0.0097154,0.008616,0.0072066,0.0056821,0.0038915,0.0027595,0.0036764,0.0027595,0.0038915,0.0051554,0.006416,0.0075011,0.0082383,0.0084999,0.0082383,0.0075011,0.006416,0.0051554,0.0038915,0.0027595,0.0018382,0,0,0.00079061,0.0011868,0.0016737,0.0022173,0,0,0,0,0,0,0,0,0,0
0.00079061,0.0011868,0.0016737,0.0036944,0.0049768,0.0063531,0.0076858,0.0088112,0.0095706,0.0098459,0.0095893,0.008837,0.007701,0.0063423,0.0049331,0.0031269,0.0022173,0.0036262,0.0032262,0.0045496,0.0060273,0.0075011,0.0087697,0.0096316,0.0099373,0.0096316,0.0087697,0.0075011,0.0060273,0.0045496,0.0032262,0.0021491,0,0,0.0011149,0.0016737,0.0023603,0.0031269,0.0038915,0,0,0,0,0,0,0,0,0
0.0011149,0.0016737,0.0023603,0.0042419,0.0055652,0.00691,0.0081237,0.0090469,0.0095465,0.0095465,0.0090469,0.0081237,0.00691,0.0055652,0.0042419,0.0023603,0.0016737,0.0034753,0.0035433,0.0049968,0.0066197,0.0082383,0.0096316,0.010578,0.010914,0.010578,0.0096316,0.0082383,0.0066197,0.0049968,0.0035433,0.0023603,0,0,0.0014771,0.0022173,0.0031269,0.0041425,0.0051554,0.0060273,0.0066197,0,0,0,0,0,0,0
0.0014771,0.0022173,0.0031269,0.0049331,0.0063423,0.007701,0.008837,0.0095893,0.0098459,0.0095706,0.0093378,0.0084764,0.007468,0.0064539,0.0055326,0.0038228,0.0035472,0.0056611,0.0060161,0.0073045,0.008668,0.0099769,0.011052,0.011705,0.011787,0.010914,0.0099373,0.0084999,0.0068298,0.0051554,0.0036557,0.0024352,0,0,0.0018382,0.0027595,0.0038915,0.0051554,0.006416,0.0075011,0.0082383,0.011764,0.013138,0,0,0,0,0
0.0018382,0.0027595,0.0038915,0.0056821,0.0072066,0.008616,0.0097154,0.010338,0.010387,0.0098614,0.0096419,0.0087026,0.0077143,0.006815,0.0060748,0.0043411,0.0043339,0.0065427,0.0070865,0.008223,0.0093792,0.010456,0.011305,0.011765,0.011705,0.010578,0.0096316,0.0082383,0.0066197,0.0049968,0.0035433,0.0023603,0,0,0.0021491,0.0032262,0.0045496,0.0060273,0.0075011,0.0087697,0.0096316,0.013253,0.014608,0.015788,0,0,0,0
0.0021491,0.0032262,0.0045496,0.0060273,0.0075011,0.0087697,0.0096316,0.0099373,0.0096316,0.0087697,0.008616,0.007701,0.00691,0.0063531,0.0060406,0.0045496,0.0049968,0.0073045,0.008223,0.0090993,0.0099188,0.010628,0.01113,0.011305,0.011052,0.0096316,0.0087697,0.0075011,0.0060273,0.0045496,0.0032262,0.0021491,0,0,0.0023603,0.0035433,0.0049968,0.0066197,0.0082383,0.0096316,0.010578,0.014229,0.015555,0.01665,0.017536,0.018191,0,0
0.0023603,0.0035433,0.0049968,0.0066197,0.0082383,0.0096316,0.010578,0.010914,0.010578,0.0096316,0.0097154,0.008837,0.0081237,0.0076858,0.0075157,0.0060273,0.0066197,0.008668,0.0093792,0.0099188,0.010311,0.010559,0.010628,0.010456,0.0099769,0.0082383,0.0075011,0.006416,0.0051554,0.0038915,0.0027595,0.0018382,0,0,0.0024352,0.0036557,0.0051554,0.0068298,0.0084999,0.0099373,0.010914,0.014525,0.015814,0.016847,0.017654,0.018222,0.018475,0
0.0024352,0.0036557,0.0051554,0.0068298,0.0084999,0.0099373,0.010914,0.01126,0.010914,0.0099373,0.010338,0.0095893,0.0090469,0.0088112,0.0088513,0.0075011,0.0082383,0.0099769,0.010456,0.011155,0.011349,0.011426,0.011396,0.011217,0.010817,0.00898,0.0084625,0.0075157,0.0062916,0.0049651,0.004221,0.0033826,0.0019055,0.0020037,0.0041985,0.0056924,0.0073571,0.0090549,0.010599,0.011781,0.012416,0.015542,0.016423,0.017093,0.017602,0.017618,0.017855,0.017665
0.0023603,0.0035433,0.0049968,0.0066197,0.0082383,0.0096316,0.010578,0.010914,0.010578,0.0096316,0.010387,0.0098459,0.0095465,0.0095706,0.0098614,0.0087697,0.0096316,0.011052,0.011305,0.011921,0.011815,0.011593,0.011317,0.010982,0.010531,0.0085401,0.0082054,0.0074348,0.0063531,0.0051198,0.0046817,0.0039755,0.0028606,0.0030079,0.0049086,0.0064524,0.0080929,0.009683,0.011044,0.011996,0.012391,0.015117,0.015752,0.016227,0.016599,0.016365,0.016636,0.016501
0.0021491,0.0032262,0.0045496,0.0060273,0.0075011,0.0087697,0.0096316,0.0099373,0.0096316,0.0087697,0.0098614,0.0095706,0.0095465,0.0098459,0.010387,0.0096316,0.010578,0.011705,0.011765,0.01242,0.012129,0.01174,0.01135,0.010978,0.010566,0.0085401,0.0083816,0.0077563,0.006767,0.0055652,0.0054287,0.0048247,0.004034,0.0042419,0.0057297,0.0073091,0.0088883,0.010311,0.011939,0.012841,0.013245,0.015464,0.01598,0.016321,0.016511,0.015829,0.015883,0.015487
0.0029532,0.0042366,0.0057297,0.0073045,0.0087764,0.0099363,0.010599,0.010649,0.010077,0.0089781,0.0099662,0.0096018,0.0095736,0.0095893,0.010338,0.0099373,0.010914,0.011787,0.011705,0.012529,0.012194,0.011795,0.011447,0.011171,0.010898,0.00898,0.0089789,0.0084579,0.0075044,0.0062704,0.0064102,0.0058709,0.0053442,0.0056196,0.0066325,0.0082446,0.0097466,0.010972,0.012566,0.013241,0.013449,0.015339,0.015732,0.01602,0.016203,0.015299,0.01544,0.015075
0.0031508,0.0044346,0.0058864,0.0073687,0.0086987,0.009683,0.010163,0.010056,0.0093792,0.0082446,0.0091895,0.0088726,0.0089143,0.008837,0.0097154,0.0096316,0.010578,0.010914,0.010578,0.01147,0.010998,0.010511,0.010152,0.0099593,0.0098614,0.0082383,0.0084999,0.0082383,0.0075011,0.006416,0.0069936,0.006651,0.006651,0.0069936,0.007531,0.0091748,0.010599,0.011627,0.013245,0.013724,0.013773,0.015276,0.015539,0.01575,0.015882,0.014698,0.014858,0.014462
0.0058356,0.0069497,0.0080901,0.0091536,0.010003,0.010496,0.01052,0.0097051,0.0088883,0.0076766,0.0084009,0.0080268,0.0080249,0.007701,0.008616,0.0087697,0.0096316,0.0099373,0.0096316,0.010919,0.010727,0.010577,0.010577,0.010727,0.010919,0.0096316,0.0099373,0.0096316,0.0087697,0.0075011,0.0081764,0.0077758,0.0077758,0.0081764,0.0082917,0.0099565,0.011305,0.012155,0.013868,0.014213,0.014171,0.015303,0.015466,0.015607,0.015671,0.014203,0.014321,0.013834
0.0074608,0.0085555,0.0095886,0.010462,0.011053,0.011243,0.010954,0.009683,0.0086987,0.0073687,0.0077246,0.0071941,0.0070423,0.0063423,0.0077333,0.0082917,0.0093533,0.0099769,0.010077,0.012011,0.01232,0.012587,0.012872,0.013147,0.013308,0.012055,0.012029,0.011369,0.010158,0.0082383,0.00898,0.0085401,0.0085401,0.00898,0.008765,0.010422,0.011693,0.012391,0.014255,0.01454,0.01449,0.015325,0.015447,0.015554,0.015564,0.013868,0.013903,0.013289
