0.010344,0.0088478,0.006835,0.0079149,0.009415,0.010496,0.011422,0.012632,0.013227,0.013438,0.013191,0.011775,0.010925,0.0096648,0.009642,0.0088142,0.0082292,0.0067713,0.0079497,0.0083291,0.009084,0.0095738,0.0093792,0.011689,0.012354,0.012954,0.0135,0.013943,0.014174,0.013131,0.013461,0.012891,0.011843,0.0099769,0.011103,0.01096,0.011171,0.0117,0.01086,0.012086,0.012752,0.012738,0.014178,0.013954,0.013576,0.013648,0.013843,0.014099
0.011458,0.010226,0.0087688,0.010056,0.011169,0.012055,0.012657,0.013703,0.013945,0.013828,0.013326,0.011529,0.010727,0.0095706,0.0093203,0.0084432,0.0077356,0.0058864,0.0072238,0.0078971,0.008544,0.009073,0.0088883,0.01146,0.012432,0.013279,0.013977,0.014462,0.014638,0.013705,0.014065,0.013439,0.01242,0.010456,0.01174,0.011766,0.012083,0.012636,0.011782,0.012858,0.013338,0.013131,0.014612,0.014362,0.014026,0.013766,0.014026,0.01429
0.012289,0.011413,0.010599,0.012043,0.013235,0.014121,0.014654,0.015902,0.016143,0.016034,0.015543,0.013523,0.012788,0.011617,0.010943,0.0097269,0.0085837,0.0061088,0.0073635,0.0078038,0.0083439,0.0089132,0.0086987,0.011403,0.012605,0.013597,0.014321,0.014715,0.014716,0.013774,0.014179,0.013523,0.012607,0.010628,0.012068,0.012325,0.012773,0.013332,0.012498,0.013319,0.013523,0.013064,0.014427,0.014099,0.013771,0.012857,0.013049,0.013164
0.012718,0.012245,0.012067,0.013593,0.014787,0.015599,0.016001,0.017442,0.017681,0.017614,0.017206,0.015093,0.014527,0.01345,0.012512,0.011066,0.0095775,0.0066325,0.0078189,0.0080355,0.0084692,0.0090677,0.0087764,0.011488,0.012836,0.013868,0.015035,0.015498,0.015559,0.014871,0.015707,0.015364,0.014827,0.012994,0.014509,0.014827,0.015109,0.015301,0.014151,0.014319,0.01392,0.012642,0.013726,0.013262,0.01289,0.011775,0.01213,0.012391
0.012651,0.012571,0.012939,0.014457,0.015575,0.016251,0.016477,0.01809,0.018335,0.018349,0.018094,0.016048,0.015739,0.014858,0.013497,0.011782,0.0098614,0.006416,0.0073045,0.0071177,0.0073091,0.0078655,0.0075011,0.010247,0.011849,0.013064,0.014565,0.015112,0.015202,0.014864,0.015977,0.015832,0.015611,0.013967,0.015579,0.016072,0.016342,0.016337,0.015067,0.014715,0.013826,0.011985,0.01266,0.012013,0.011543,0.01017,0.010628,0.010987
0.012577,0.012302,0.013063,0.014487,0.015464,0.015965,0.016001,0.017749,0.018013,0.018143,0.018094,0.016271,0.016271,0.015659,0.014487,0.012858,0.010919,0.0075011,0.0083876,0.0080929,0.008223,0.0087688,0.0082383,0.010747,0.012252,0.013274,0.01482,0.015197,0.015148,0.014743,0.016193,0.016316,0.016456,0.015074,0.01674,0.017353,0.017557,0.017306,0.015883,0.014993,0.013613,0.011183,0.011385,0.010535,0.0099321,0.0082823,0.0087764,0.0091748
0.011246,0.011109,0.012416,0.013674,0.01447,0.014787,0.014654,0.016481,0.016778,0.01704,0.017218,0.015739,0.016048,0.015734,0.014806,0.013338,0.01147,0.0082383,0.0090549,0.0086525,0.0086987,0.0091901,0.0084999,0.010728,0.012101,0.012934,0.014608,0.014914,0.014853,0.014516,0.016327,0.01677,0.017278,0.016209,0.017866,0.018519,0.018594,0.018064,0.016465,0.015075,0.013259,0.010275,0.010017,0.0089868,0.0082467,0.0063598,0.0068291,0.0072141
0.01029,0.0098846,0.011109,0.012155,0.012759,0.012912,0.012657,0.01449,0.014825,0.015211,0.015599,0.014527,0.015093,0.015057,0.014387,0.013131,0.011414,0.0084999,0.0091901,0.0086987,0.0086525,0.0090549,0.0082383,0.010158,0.011369,0.012029,0.013894,0.014229,0.014279,0.014135,0.016283,0.01706,0.017903,0.017168,0.018742,0.019344,0.019236,0.01842,0.016644,0.014846,0.012698,0.0092651,0.0086307,0.0074786,0.0066338,0.004604,0.0050065,0.0053403
0.0090799,0.0082917,0.0093533,0.010174,0.010599,0.010628,0.010308,0.012065,0.012432,0.012912,0.013455,0.012788,0.013523,0.013705,0.013274,0.012252,0.010747,0.0082383,0.0087688,0.008223,0.0080929,0.0083876,0.0075011,0.0087697,0.0096316,0.0099373,0.011781,0.011996,0.012051,0.012055,0.014411,0.015539,0.016778,0.016557,0.01787,0.018401,0.018079,0.016941,0.015128,0.012858,0.010387,0.0066197,0.0057874,0.0047301,0.004034,0.0022173,0.0027595,0.0032262
0.0077843,0.006554,0.0074103,0.0080167,0.0082934,0.0082446,0.0079149,0.0095178,0.0098964,0.010423,0.011048,0.010727,0.011529,0.011849,0.011611,0.010818,0.0095603,0.0075011,0.0078655,0.0073091,0.0071177,0.0073045,0.006416,0.0075011,0.0082383,0.0084999,0.010599,0.011044,0.011413,0.011775,0.014279,0.015617,0.017493,0.017732,0.019194,0.019878,0.019708,0.018706,0.016989,0.014748,0.012222,0.0081764,0.0069145,0.0054938,0.004379,0.0022677,0.0023649,0.0021491
0.0060406,0.0045496,0.0055235,0.005946,0.0061117,0.0060267,0.0057297,0.0071142,0.0074801,0.0080005,0.0086307,0.0085651,0.0093393,0.0097154,0.0096148,0.009029,0.0080278,0.006416,0.0066325,0.0061088,0.0058864,0.0059807,0.0051554,0.0060273,0.0066197,0.0068298,0.0090549,0.009683,0.010311,0.010972,0.013465,0.014914,0.017073,0.017603,0.019004,0.019656,0.019498,0.018556,0.016937,0.014813,0.012395,0.0083816,0.006651,0.0049768,0.0035119,0.0011868,0.00079061,0
0.0051198,0.0032262,0.0035433,0.0036557,0.0035433,0.0032262,0.0027595,0.0036944,0.003891,0.0043138,0.0049331,0.0051554,0.0060273,0.0066197,0.0068298,0.0066197,0.0060273,0.0051554,0.0052574,0.0048006,0.0045776,0.004604,0.0038915,0.0045496,0.0049968,0.0051554,0.0073571,0.0080929,0.0088883,0.0097466,0.012076,0.013523,0.015935,0.01673,0.018094,0.018786,0.01875,0.017999,0.016613,0.014726,0.012513,0.0086921,0.0070184,0.0053442,0.0038374,0.0016737,0.0011149,0
0.0042735,0.0021491,0.0023603,0.0024352,0.0023603,0.0021491,0.0018382,0.002592,0.0027887,0.0031509,0.0036536,0.0038915,0.0045496,0.0049968,0.0051554,0.0049968,0.0045496,0.0038915,0.0039175,0.0035472,0.0033474,0.0033323,0.0027595,0.0032262,0.0035433,0.0036557,0.0056924,0.0064524,0.0073091,0.0082446,0.01029,0.01163,0.01426,0.015282,0.01665,0.017462,0.017653,0.01721,0.016166,0.014606,0.01266,0.0091542,0.0075157,0.0058162,0.0042419,0.0022173,0.0014771,0
0.0023603,0,0,0,0,0,0,0.00079061,0.0011868,0.0016737,0.0022173,0.0027595,0.0032262,0.0035433,0.0036557,0.0035433,0.0032262,0.0027595,0.002744,0.0024643,0.0023018,0.0022677,0.0018382,0.0021491,0.0023603,0.0024352,0.0041985,0.0049086,0.0057297,0.0066325,0.0083216,0.0094786,0.012277,0.013477,0.014889,0.015883,0.016375,0.016312,0.015673,0.014486,0.012836,0.0097184,0.0080897,0.0063423,0.0046821,0.0027595,0.0018382,0
0.0021491,0,0,0,0,0,0,0.00052666,0.00079061,0.0011149,0.0014771,0.0018382,0.0021491,0.0023603,0.0024352,0.0023603,0.0021491,0.0018382,0.0014771,0.0011149,0.00079061,0.00052666,0,0,0,0,0.0014771,0.0022173,0.0031269,0.0041425,0.0056821,0.0068179,0.0098837,0.011533,0.013008,0.014204,0.015017,0.015347,0.015119,0.014304,0.012947,0.010247,0.008616,0.0068179,0.0050763,0.0032262,0.0021491,0
0.0018382,0,0,0,0,0,0,0,0,0,0,0,0,0,0,0,0,0,0,0,0,0,0,0,0,0,0.0011149,0.0016737,0.0023603,0.0031269,0.0038915,0.0045496,0.0073571,0.0086987,0.0099936,0.011169,0.01213,0.012759,0.012939,0.012588,0.011693,0.0096316,0.0082383,0.0066197,0.0049968,0.0035433,0.0023603,0
0.0014771,0,0,0,0,0,0,0,0,0,0,0,0,0,0,0,0,0,0,0,0,0,0,0,0,0,0.00079061,0.0011868,0.0016737,0.0022173,0.0027595,0.0032262,0.0059785,0.0073115,0.0086987,0.010056,0.011259,0.012155,0.012588,0.012447,0.011705,0.0099373,0.0084999,0.0068298,0.0051554,0.0036557,0.0024352,0
0.0011149,0,0,0,0,0,0,0,0,0,0,0,0,0,0,0,0,0,0,0,0,0,0,0,0,0,0.00052666,0.00079061,0.0011149,0.0014771,0.0018382,0.0021491,0.0047206,0.0059785,0.0073571,0.0087688,0.010077,0.011109,0.011693,0.011705,0.011105,0.0096316,0.0082383,0.0066197,0.0049968,0.0035433,0.0023603,0
0.00079061,0,0,0,0,0,0,0,0,0,0,0,0,0,0,0,0,0,0,0,0,0,0,0,0,0,0,0,0,0,0,0,0.0021491,0.0032262,0.0045496,0.0060273,0.0075011,0.0087697,0.0096316,0.0099373,0.0096316,0.0087697,0.0075011,0.0060273,0.0045496,0.0032262,0.0021491,0
0.00052666,0,0,0,0,0,0,0,0,0,0,0,0,0,0,0,0,0,0,0,0,0,0,0,0,0,0,0,0,0,0,0,0.0018382,0.0027595,0.0038915,0.0051554,0.006416,0.0075011,0.0082383,0.0084999,0.0082383,0.0075011,0.006416,0.0051554,0.0038915,0.0027595,0.0018382,0
0,0,0,0,0,0,0,0,0,0,0,0,0,0,0,0,0,0,0,0,0,0,0,0,0,0,0,0,0,0,0,0.00052666,0.0022677,0.0033323,0.004604,0.0059807,0.0073045,0.0083876,0.0090549,0.0091901,0.0087688,0.0078655,0.0066325,0.0052574,0.0039175,0.002744,0.0014771,0
0,0,0,0,0,0,0,0,0,0,0,0,0,0,0,0,0,0,0,0,0,0,0,0,0,0,0,0,0,0,0,0.00079061,0.0023018,0.0033474,0.0045776,0.0058864,0.0071177,0.0080929,0.0086525,0.0086987,0.008223,0.0073091,0.0061088,0.0048006,0.0035472,0.0024643,0.0011149,0
0,0,0,0,0,0,0,0,0,0,0,0,0,0,0,0,0,0,0,0,0,0,0,0,0,0,0,0,0,0,0,0.0011149,0.0024643,0.0035472,0.0048006,0.0061088,0.0073091,0.008223,0.0086987,0.0086525,0.0080929,0.0071177,0.0058864,0.0045776,0.0033474,0.0023018,0.00079061,0
0,0,0,0,0,0,0,0,0,0,0,0,0,0,0,0,0,0,0,0,0,0,0,0,0,0,0,0,0,0,0,0.0014771,0.002744,0.0039175,0.0052574,0.0066325,0.0078655,0.0087688,0.0091901,0.0090549,0.0083876,0.0073045,0.0059807,0.004604,0.0033323,0.0022677,0.00052666,0
0,0,0,0,0,0,0,0,0,0,0,0,0,0,0,0,0,0,0,0,0,0,0,0,0,0,0,0,0,0,0,0.0018382,0.0027595,0.0038915,0.0051554,0.006416,0.0075011,0.0082383,0.0084999,0.0082383,0.0075011,0.006416,0.0051554,0.0038915,0.0027595,0.0018382,0,0
0,0,0,0,0,0,0,0,0,0,0,0,0,0,0,0,0,0,0,0,0,0,0,0,0,0,0,0,0,0,0,0.0021491,0.0032262,0.0045496,0.0060273,0.0075011,0.0087697,0.0096316,0.0099373,0.0096316,0.0087697,0.0075011,0.0060273,0.0045496,0.0032262,0.0021491,0,0
0,0,0,0,0,0,0,0,0,0,0,0,0,0,0,0,0,0,0,0,0,0,0,0,0,0,0,0,0,0,0,0.0023603,0.0035433,0.0049968,0.0066197,0.0082383,0.0096316,0.010578,0.010914,0.010578,0.0096316,0.0082383,0.0066197,0.0049968,0.0035433,0.0023603,0,0
0,0,0,0,0,0,0,0,0,0,0,0,0,0,0,0,0,0,0,0,0,0,0,0,0,0,0,0,0,0,0,0.0024352,0.0036557,0.0051554,0.0068298,0.0084999,0.0099373,0.010914,0.01126,0.010914,0.0099373,0.0084999,0.0068298,0.0051554,0.0036557,0.0024352,0,0
0,0,0,0,0,0,0,0,0,0,0,0,0,0,0,0,0,0,0,0,0,0,0,0,0,0,0,0,0,0,0,0.0023603,0.0035433,0.0049968,0.0066197,0.0082383,0.0096316,0.010578,0.010914,0.010578,0.0096316,0.0082383,0.0066197,0.0049968,0.0035433,0.0023603,0,0
0,0,0,0,0,0,0,0,0,0,0,0,0,0,0,0,0,0,0,0,0,0,0,0,0,0,0,0,0,0,0,0.0021491,0.0032262,0.0045496,0.0060273,0.0075011,0.0087697,0.0096316,0.0099373,0.0096316,0.0087697,0.0075011,0.0060273,0.0045496,0.0032262,0.0021491,0,0
0,0,0,0,0,0,0,0,0,0,0,0,0,0,0,0,0,0,0,0,0,0,0,0,0,0,0,0,0,0,0,0.0018382,0.0027595,0.0038915,0.0051554,0.006416,0.0075011,0.0082383,0.0084999,0.0082383,0.0075011,0.006416,0.0051554,0.0038915,0.0027595,0.0018382,0,0
0,0,0,0,0,0,0,0,0,0,0,0,0,0,0,0,0,0,0,0,0,0,0,0,0,0,0,0,0,0,0,0.0014771,0.0022173,0.0031269,0.0041425,0.0051554,0.0060273,0.0066197,0.0068298,0.0066197,0.0060273,0.0051554,0.0041425,0.0031269,0.0022173,0.0014771,0,0
