0,0,0,0,0,0,0,0,0,0,0,0,0,0,0,0,0,0,0,0,0,0,0,0,0,0,0,0,0,0,0,0,0,0,0,0,0,0,0,0,0,0,0,0,0,0,0,0
0,0,0,0,0,0,0,0,0,0,0,0,0,0,0,0,0,0,0,0,0,0,0,0,0,0,0,0,0,0,0,0,0,0,0,0,0,0,0,0,0,0,0,0,0,0,0,0
0,0,0,0,0,0,0,0,0,0,0,0,0,0,0,0,0,0,0,0,0,0,0,0,0,0,0,0,0,0,0,0,0,0,0,0,0,0,0,0,0,0,0,0,0,0,0,0
0,0,0,0,0,0,0,0,0,0,0,0,0,0,0,0,0,0,0.00079061,0.0011149,0.0014771,0.0018382,0.0021491,0.0023603,0.0024352,0.0023603,0.0021491,0.0018382,0.0014771,0.0011149,0.00079061,0.00052666,0,0,0,0.0024352,0,0,0,0,0,0,1,0,0,0,0,0
0,0,0,0,0,0,0,0,0,0,0,0,0,0,0,0,0,0.00079061,0.0011868,0.0016737,0.0022173,0.0027595,0.0032262,0.0035433,0.0036557,0.0035433,0.0032262,0.0027595,0.0022173,0.0016737,0.0011868,0.00079061,0,0,0,0.0023603,0.0035433,0.0049968,0,0,0,0,0,0,0,0,0,0
0,0,0,0,0,0,0,0,0,0,0,0,0,0,0,0,0,0.0011149,0.0016737,0.0023603,0.0031269,0.0038915,0.0045496,0.0049968,0.0051554,0.0049968,0.0045496,0.0038915,0.0031269,0.0023603,0.0016737,0.0011149,0,0,0,0.0021491,0.0032262,0.0045496,0.0060273,0,0,0,0,0,0,0,0,0
0,0,0,0,0,0,0,0,0,0,0,0,0,0,0,0,0,0.0014771,0.0022173,0.0031269,0.0041425,0.0051554,0.0060273,0.0066197,0.0068298,0.0066197,0.0060273,0.0051554,0.0041425,0.0031269,0.0022173,0.0014771,0,0,0,0.0018382,0.0027595,0.0038915,0.0051554,0.006416,0.0075011,0,0,0,0,0,0,0
0,0,0,0,0,0,0,0,0,0,0,0,0,0,0,0,0,0.0018382,0.0027595,0.0038915,0.0051554,0.006416,0.0075011,0.0082383,0.0084999,0.0082383,0.0075011,0.006416,0.0051554,0.0038915,0.0027595,0.0018382,0,0,0,0.0014771,0.0022173,0.0031269,0.0041425,0.0051554,0.0060273,0.0066197,0.0068298,0,0,0,0,0
0,0,0,0,0,0,0,0,0,0,0,0,0,0,0,0,0,0.0021491,0.0032262,0.0045496,0.0060273,0.0075011,0.0087697,0.0096316,0.0099373,0.0096316,0.0087697,0.0075011,0.0060273,0.0045496,0.0032262,0.0021491,0,0,0,0.0011149,0.0016737,0.0023603,0.0031269,0.0038915,0.0045496,0.0049968,0.0051554,0.0049968,0,0,0,0
0,0,0,0,0,0,0,0,0,0,0,0,0,0,0,0,0,0.0023603,0.0035433,0.0049968,0.0066197,0.0082383,0.0096316,0.010578,0.010914,0.010578,0.0096316,0.0082383,0.0066197,0.0049968,0.0040699,0.0031509,0.0011149,0.0014771,0.0018382,0.0029397,0.0035472,0.004109,0.0045776,0.0049086,0.0050644,0.0050203,0.0047707,0.0043339,0.0045435,0.0039463,0,0
0,0,0,0,0,0,0,0,0,0,0,0,0,0,0,0,0,0.0024352,0.0036557,0.0051554,0.0068298,0.0084999,0.0099373,0.010914,0.01126,0.010914,0.0099373,0.0084999,0.0068298,0.0051554,0.0044464,0.0036221,0.0016737,0.0022173,0.0027595,0.0037528,0.0043339,0.0047707,0.0050203,0.0050644,0.0049086,0.0045776,0.004109,0.0035472,0.0034664,0.0026288,0.002592,0
0,0,0,0,0,0,0,0,0,0,0,0,0,0,0,0,0,0.0023603,0.0035433,0.0049968,0.0066197,0.0082383,0.0096316,0.010578,0.010914,0.010578,0.0096316,0.0082383,0.0066197,0.0049968,0.0046582,0.004034,0.0023603,0.0031269,0.0038915,0.0045496,0.0049968,0.0051554,0.0049968,0.0045496,0.0038915,0.0031269,0.0023603,0.0016737,0.0011149,0,0,0
0,0,0,0,0,0,0,0,0,0,0,0,0,0,0,0,0,0.0021491,0.0032262,0.0045496,0.0060273,0.0075011,0.0087697,0.0096316,0.0099373,0.0096316,0.0087697,0.0075011,0.0060273,0.0045496,0.0047032,0.0043664,0.0031269,0.0041425,0.0051554,0.0060273,0.0066197,0.0068298,0.0066197,0.0060273,0.0051554,0.0041425,0.0031269,0.0022173,0.0014771,0,0,0
0,0,0,0,0,0,0,0,0,0,0,0,0,0,0.00052666,0.00079061,0.0011149,0.0033153,0.0045977,0.0060406,0.0075157,0.0088513,0.0098614,0.010387,0.010338,0.0097154,0.008616,0.0072066,0.0056821,0.0038915,0.0045977,0.0045977,0.0038915,0.0051554,0.006416,0.0075011,0.0082383,0.0084999,0.0082383,0.0075011,0.006416,0.0051554,0.0038915,0.0027595,0.0018382,0,0,0
0,0,0,0,0,0,0,0,0,0,0,0,0,0,0.00079061,0.0011868,0.0016737,0.0036944,0.0049768,0.0063531,0.0076858,0.0088112,0.0095706,0.0098459,0.0095893,0.008837,0.007701,0.0063423,0.0049331,0.0031269,0.0043664,0.0047032,0.0045496,0.0060273,0.0075011,0.0087697,0.0096316,0.0099373,0.0096316,0.0087697,0.0075011,0.0060273,0.0045496,0.0032262,0.0021491,0,0,0
0,0,0,0,0,0,0,0,0,0,0,0,0,0,0.0011149,0.0016737,0.0023603,0.0042419,0.0055652,0.00691,0.0081237,0.0090469,0.0095465,0.0095465,0.0090469,0.0081237,0.00691,0.0055652,0.0042419,0.0023603,0.004034,0.0046582,0.0049968,0.0066197,0.0082383,0.0096316,0.010578,0.010914,0.010578,0.0096316,0.0082383,0.0066197,0.0049968,0.0035433,0.0023603,0,0,0
0,0,0,0,0,0,0,0,0,0,0,0,0,0,0.0014771,0.0022173,0.0031269,0.0049331,0.0063423,0.007701,0.008837,0.0095893,0.0098459,0.0095706,0.0088112,0.0082124,0.0071437,0.0060918,0.0051714,0.0035119,0.0057712,0.0068067,0.0075907,0.0091901,0.010649,0.011776,0.012391,0.012375,0.011705,0.010464,0.0084999,0.0068298,0.0051554,0.0036557,0.0024352,0,0,0
0,0,0,0,0,0,0,0,0,0,0,0,0,0,0.0018382,0.0027595,0.0038915,0.0056821,0.0072066,0.008616,0.0097154,0.010338,0.010387,0.0098614,0.0088513,0.0083064,0.0072275,0.0062714,0.0055326,0.0038744,0.0063771,0.0076132,0.0086525,0.010163,0.011465,0.012391,0.012796,0.012588,0.011765,0.010422,0.0082383,0.0066197,0.0049968,0.0035433,0.0023603,0,0,0
0.0018382,0.0021491,0.0023603,0.0024352,0.0023603,0.0021491,0.0018382,0.0014771,0.0011149,0.00079061,0.00052666,0,0,0,0.0021491,0.0032262,0.0045496,0.0060273,0.0075011,0.0087697,0.0096316,0.0099373,0.0096316,0.0087697,0.0075011,0.0071422,0.0062234,0.0055865,0.005276,0.0038915,0.0066987,0.008223,0.0097051,0.011024,0.012051,0.012661,0.012759,0.012298,0.011305,0.0098846,0.0075011,0.0060273,0.0045496,0.0032262,0.0021491,0,0,0
0.0027595,0.0032262,0.0035433,0.0036557,0.0035433,0.0032262,0.0027595,0.0022173,0.0016737,0.0011868,0.00079061,0,0,0,0.0023603,0.0035433,0.0049968,0.0066197,0.0082383,0.0096316,0.010578,0.010914,0.010578,0.0096316,0.0082383,0.0080967,0.0072141,0.0066702,0.0065028,0.0051554,0.0078655,0.0093792,0.010721,0.011775,0.012443,0.012657,0.012381,0.011627,0.010456,0.0089781,0.006416,0.0051554,0.0038915,0.0027595,0.0018382,0,0,0
0.0038915,0.0045496,0.0049968,0.0051554,0.0049968,0.0045496,0.0038915,0.0031269,0.0023603,0.0016737,0.0011149,0,0,0,0.0024352,0.0036557,0.0051554,0.0068298,0.0084999,0.0099373,0.010914,0.01126,0.010914,0.0099373,0.0084999,0.008668,0.0079149,0.0075473,0.0075907,0.006416,0.0089781,0.010456,0.011627,0.012381,0.012657,0.012443,0.011775,0.010721,0.0093792,0.0078655,0.0051554,0.0041425,0.0031269,0.0022173,0.0014771,0.00052666,0.00079061,0.0011149
0.0062704,0.0075044,0.0084579,0.0089789,0.00898,0.0084625,0.0075157,0.0062916,0.0049651,0.0036944,0.002592,0.00079061,0.00052666,0,0.0023603,0.0035433,0.0049968,0.0066197,0.0082383,0.0096316,0.010578,0.010914,0.010578,0.0096316,0.0082383,0.0087688,0.008223,0.0080929,0.0083876,0.0075011,0.0098846,0.011305,0.012824,0.013549,0.013776,0.013528,0.012862,0.011854,0.010583,0.009134,0.0062518,0.005276,0.0041985,0.0031508,0.0022299,0.0015812,0.0017135,0.0016737
0.0080897,0.0097184,0.010998,0.011726,0.011782,0.011157,0.0099593,0.0083816,0.006651,0.0049768,0.0035119,0.0011868,0.00079061,0,0.0021491,0.0032262,0.0045496,0.0060273,0.0075011,0.0087697,0.0096316,0.0099373,0.0096316,0.0087697,0.0075011,0.0083876,0.0080929,0.008223,0.0087688,0.0082383,0.010422,0.011765,0.013378,0.013982,0.014065,0.013682,0.012922,0.011879,0.01063,0.0092422,0.0063028,0.0054435,0.0044332,0.0034042,0.0024643,0.0023018,0.0024643,0.0023603
0.012297,0.014257,0.015672,0.016325,0.016105,0.01504,0.013289,0.011104,0.0084412,0.0063531,0.0045094,0.0016737,0.0016416,0.00079061,0.0029532,0.0042366,0.0057297,0.0073045,0.0087764,0.0099363,0.010599,0.010649,0.010077,0.0089781,0.007531,0.0083813,0.0080739,0.0079149,0.008668,0.0084999,0.010464,0.011705,0.01349,0.014065,0.014136,0.013776,0.013082,0.01214,0.011013,0.0097398,0.006835,0.0060267,0.0050065,0.0039175,0.002887,0.0031508,0.0033323,0.0031269
0.015021,0.017317,0.01896,0.019701,0.019415,0.018135,0.016045,0.013438,0.010152,0.0076858,0.0054872,0.0022173,0.0022677,0.0011868,0.0031508,0.0044346,0.0058864,0.0073687,0.0086987,0.009683,0.010163,0.010056,0.0093792,0.0082446,0.0068291,0.0076897,0.0074608,0.0072141,0.0080967,0.0082383,0.0096316,0.010578,0.012391,0.012796,0.012759,0.012381,0.011775,0.011024,0.010163,0.0091901,0.0066197,0.0060273,0.0051554,0.0041425,0.0031269,0.0040555,0.0042366,0.0038915
0.017547,0.02009,0.02188,0.022653,0.022279,0.020798,0.018939,0.016236,0.012686,0.010288,0.008165,0.0049086,0.0053135,0.004109,0.0058356,0.0069497,0.0080901,0.0091536,0.010003,0.010496,0.01052,0.0097051,0.0088883,0.0076766,0.0062518,0.0069497,0.0067014,0.0062234,0.0071422,0.0075011,0.0087697,0.0096316,0.011776,0.012391,0.012661,0.012657,0.012443,0.012051,0.011465,0.010649,0.0082383,0.0075011,0.006416,0.0051554,0.0038915,0.0049086,0.0050644,0.0045496
0.019618,0.022279,0.024107,0.024839,0.024352,0.022696,0.020878,0.018053,0.014172,0.011788,0.0096695,0.0064524,0.0071694,0.0058731,0.0074608,0.0085555,0.0095886,0.010989,0.011844,0.012358,0.012431,0.011521,0.010848,0.009729,0.0083217,0.0086332,0.0080594,0.0069166,0.0079497,0.0083216,0.0094066,0.010242,0.012487,0.013614,0.014411,0.014879,0.015017,0.01481,0.014229,0.013253,0.010747,0.0095603,0.0080278,0.0060273,0.0045496,0.0055865,0.0056924,0.0049968
0.022113,0.024418,0.025898,0.025985,0.025365,0.023575,0.021954,0.019171,0.015148,0.012973,0.011037,0.0080929,0.0091954,0.0079149,0.009415,0.010496,0.011422,0.012896,0.013624,0.013996,0.013931,0.012696,0.012003,0.010848,0.0093855,0.0092569,0.0083967,0.006677,0.0076771,0.008016,0.0088879,0.0096276,0.01195,0.013389,0.014567,0.015431,0.015924,0.015985,0.015555,0.014608,0.012252,0.011345,0.0098196,0.0077346,0.0064739,0.0078167,0.0081652,0.0075157
0.023183,0.025149,0.026298,0.025938,0.02518,0.023311,0.022033,0.019459,0.015518,0.013732,0.012149,0.009683,0.011204,0.010056,0.011169,0.012055,0.012657,0.014027,0.014432,0.014515,0.014236,0.012661,0.012051,0.011024,0.0097051,0.0093379,0.0083725,0.0062518,0.0073688,0.0079256,0.0085837,0.0092387,0.011482,0.013202,0.014702,0.015877,0.016624,0.016847,0.016479,0.015502,0.013274,0.012402,0.010802,0.0085035,0.0073727,0.0087756,0.0092047,0.0085401
0.023427,0.024899,0.025605,0.0247,0.023818,0.021938,0.021115,0.018894,0.015257,0.013992,0.01289,0.011044,0.012959,0.012043,0.013235,0.014121,0.014654,0.016264,0.016687,0.0168,0.016559,0.014787,0.014266,0.013239,0.011827,0.010954,0.0095745,0.0068291,0.0078369,0.0081037,0.0085704,0.0091628,0.011171,0.013114,0.014843,0.016209,0.017075,0.017859,0.017711,0.016962,0.015182,0.014802,0.013538,0.01134,0.010559,0.011944,0.012285,0.011385
0.022829,0.023708,0.023912,0.022425,0.021458,0.019642,0.019328,0.017558,0.014411,0.013728,0.013166,0.011996,0.014216,0.013593,0.014787,0.015599,0.016001,0.017803,0.018223,0.018378,0.018219,0.016353,0.016001,0.015068,0.013655,0.012421,0.010727,0.007531,0.0084707,0.0084892,0.0088001,0.009354,0.011,0.013088,0.014937,0.016365,0.017216,0.018176,0.018025,0.017293,0.01574,0.015766,0.014783,0.012697,0.012348,0.013763,0.014162,0.013271
0.021983,0.021719,0.021429,0.019395,0.018401,0.016723,0.016901,0.015622,0.013087,0.012962,0.01292,0.012391,0.014777,0.014457,0.015575,0.016251,0.016477,0.0184,0.018801,0.019007,0.018966,0.017133,0.017008,0.016251,0.014934,0.013175,0.01113,0.0075011,0.0081764,0.0077758,0.0077758,0.0081764,0.0093393,0.011529,0.013523,0.015093,0.016048,0.017386,0.017413,0.016887,0.015915,0.016457,0.015874,0.014044,0.014202,0.015649,0.016106,0.015257
