0,0,0,0,0,0,0,0,0,0,0,0,0,0,0,0,0,0,0,0,0,0,0,0,0,0,0,0,0,0,0,0,0,0,0,0,0,0,0,0,0,0,0,0,0,0,0,0
0,0,0,0,0,0,0,0,0,0,0,0,0,0,0,0,0,0,0,0,0,0,0,0,0,0,0,0,0,0,0,0,0,0,0,0,0,0,0,0,0,0,0,0,0,0,0,0
0,0,0,0,0,0,0,0,0,0,0,0,0,0,0,0,0,0,0,0,0,0,0,0,0,0,0,0,0,0,0,0,0,0,0,0,0,0,0,0,0,0,0,0,0,0,0,0
0,0,0,0,0,0,0,0,0,0,0,0,0,0,0,0,0,0,0,0,0,0,0,0,0,0,0,0,0,0,0,0,0,0,0,0,0,0,0,0,0,0,0,0,0,0,0,0
0,0,0,0,0,0,0,0,0,0,0,0,0,0,0,0,0,0,0,0,0,0,0,0,0,0,0,0,0,0,0,0,0,0,0,0,0,0,0,0,0,0,0,0,0,0,0,0
0,0,0,0,0,0,0,0,0,0,0,0,0,0,0,0,0,0,0,0,0,0,0,0,0,0,0,0,0,0,0,0,0,0,0,0,0,0,0,0,0,0,0,0,0,0,0,0
0,0,0,0,0,0,0,0,0,0,0,0,0,0,0,0,0,0,0,0,0,0,0,0,0,0,0,0,0,0,0,0,0,0,0,0,0,0,0,0,0,0,0,0,0,0,0,0
0,0,0,0,0,0,0.0011149,0.0014771,0.0018382,0.0021491,0.0023603,0.0024352,0.0023603,0.0021491,0.0018382,0.0014771,0.0011149,0.00079061,0.00052666,0,0,0,0,0,0,0,0,0,0,0,0,1,0,0,0,0,0,0,0,0,1,0,0,0,0,0,0,0
0,0,0,0,0.00079061,0.0011868,0.0016737,0.0022173,0.0027595,0.0032262,0.0035433,0.0036557,0.0035433,0.0032262,0.0027595,0.0022173,0.0016737,0.0011868,0.00079061,0,0,0,0,0,0.0023603,0.0035433,0,0,0,0,0,0,0,0,0,0,0,0,0,0,0,0,0,0,0,0,0,0
0,0,0,0,0.0011149,0.0016737,0.0023603,0.0031269,0.0038915,0.0045496,0.0049968,0.0051554,0.0049968,0.0045496,0.0038915,0.0031269,0.0023603,0.0016737,0.0011149,0,0,0,0,0,0.0021491,0.0032262,0.0045496,0,0,0,0,0,0,0,0,0,0,0,0,0,0,0,0,0,0,0,0,0
0,0,0,0,0.0014771,0.0022173,0.0031269,0.0041425,0.0051554,0.0060273,0.0066197,0.0068298,0.0066197,0.0060273,0.0051554,0.0041425,0.0031269,0.0022173,0.0014771,0,0,0,0,0,0.0018382,0.0027595,0.0038915,0.0051554,0.006416,0,0,0,0,0,0,0,0,0,0,0,0,0,0,0,0,0,0,0
0,0,0,0,0.0018382,0.0027595,0.0038915,0.0051554,0.006416,0.0075011,0.0082383,0.0084999,0.0082383,0.0075011,0.006416,0.0051554,0.0038915,0.0027595,0.0018382,0,0,0,0,0,0.0014771,0.0022173,0.0031269,0.0041425,0.0051554,0.0060273,0.0066197,0,0,0,0,0,0,0,0,0,0,0,0,0,0,0,0,0
0,0,0,0,0.0021491,0.0032262,0.0045496,0.0060273,0.0075011,0.0087697,0.0096316,0.0099373,0.0096316,0.0087697,0.0075011,0.0060273,0.0045496,0.0032262,0.0021491,0,0,0,0,0,0.0011149,0.0016737,0.0023603,0.0031269,0.0038915,0.0045496,0.0049968,0.0051554,0,0,0,0,0,0,0,0,0,0,0,0,0,0,0,0
0,0,0,0,0.0023603,0.0035433,0.0049968,0.0066197,0.0082383,0.0096316,0.010578,0.010914,0.010578,0.0096316,0.0082383,0.0066197,0.0049968,0.0035433,0.0023603,0,0,0,0,0,0.00079061,0.0011868,0.0016737,0.0022173,0.0027595,0.0032262,0.0035433,0.0036557,0.0035433,0.0040168,0,0,0,0,0,0,0,0,0,0,0,0,0,0
0,0,0,0,0.0024352,0.0036557,0.0051554,0.0068298,0.0084999,0.0099373,0.010914,0.01126,0.010914,0.0099373,0.0084999,0.0068298,0.0056821,0.0044464,0.0035502,0.0014771,0.0018382,0.0021491,0.0023603,0.0024352,0.002887,0.0029397,0.0029532,0.0029541,0.0029532,0.0029397,0.002887,0.0024352,0.0023603,0.0026758,0.0026288,0,0,0,0,0,0,0,0,0,0,0,0,0
0,0,0,0,0.0023603,0.0035433,0.0049968,0.0066197,0.0082383,0.0096316,0.010578,0.010914,0.010578,0.0096316,0.0082383,0.0066197,0.0057874,0.0047301,0.004034,0.0022173,0.0027595,0.0032262,0.0035433,0.0036557,0.0035433,0.0032262,0.0027595,0.0022173,0.0016737,0.0011868,0.00079061,0,0,0,0,0,0,0,0,0,0,0,0,0,0,0,0,0
0,0,0,0,0.0021491,0.0032262,0.0045496,0.0060273,0.0075011,0.0087697,0.0096316,0.0099373,0.0096316,0.0087697,0.0075011,0.0060273,0.0056646,0.0048999,0.0045094,0.0031269,0.0038915,0.0045496,0.0049968,0.0051554,0.0049968,0.0045496,0.0038915,0.0031269,0.0023603,0.0016737,0.0011149,0,0,0,0.00052666,0.00079061,0.0011149,0.0014771,0,0,0,0,0,0,0,0,0,0
0,0,0,0,0.0018382,0.0027595,0.0038915,0.0051554,0.006416,0.0075011,0.0082383,0.0084999,0.0082383,0.0075011,0.006416,0.0051554,0.0053686,0.0049768,0.0049651,0.0041425,0.0051554,0.0060273,0.0066197,0.0068298,0.0066197,0.0060273,0.0051554,0.0041425,0.0031269,0.0022173,0.0014771,0,0,0,0.00079061,0.0011868,0.0016737,0.0022173,0.0027595,0.0032262,0,0,0,0,0,0,0,0
0.00079061,0.0011149,0.0014771,0.0018382,0.0036262,0.0045776,0.0055622,0.0065028,0.0073045,0.0078655,0.0080967,0.0079448,0.0074103,0.006554,0.0051554,0.0041425,0.0049651,0.0049768,0.0053686,0.0051554,0.006416,0.0075011,0.0082383,0.0084999,0.0082383,0.0075011,0.006416,0.0051554,0.0038915,0.0027595,0.0018382,0,0,0,0.0011149,0.0016737,0.0023603,0.0031269,0.0038915,0.0045496,0.0049968,0,0,0,0,0,0,0
0.0011868,0.0016737,0.0022173,0.0027595,0.0043411,0.005217,0.0060161,0.0066702,0.0071177,0.0073091,0.0072141,0.0068291,0.0061837,0.0053403,0.0044182,0.0039175,0.0056244,0.006377,0.0075028,0.0081764,0.0098614,0.011205,0.011992,0.012086,0.01147,0.010247,0.008616,0.0068179,0.0050763,0.0032262,0.0021491,0,0,0,0.0014771,0.0022173,0.0031269,0.0041425,0.0051554,0.0060273,0.0066197,0.0092651,0.010275,0,0,0,0,0
0.0016737,0.0023603,0.0031269,0.0038915,0.0053403,0.0061837,0.0068291,0.0072141,0.0073091,0.0071177,0.0066702,0.0060161,0.005217,0.0043411,0.0035501,0.0034042,0.0057078,0.0069474,0.0085469,0.0098459,0.011782,0.013287,0.014122,0.01414,0.013338,0.011849,0.0099121,0.0078065,0.0057874,0.0035433,0.0023603,0,0,0,0.0018382,0.0027595,0.0038915,0.0051554,0.006416,0.0075011,0.0082383,0.01086,0.011782,0.012498,0.013036,0,0,0
0.0022173,0.0031269,0.0041425,0.0051554,0.006554,0.0074103,0.0079448,0.0080967,0.0078655,0.0073045,0.0065028,0.0055622,0.0045776,0.0036262,0.0029532,0.0031508,0.0059105,0.0075733,0.0095736,0.011379,0.013497,0.015093,0.015911,0.01581,0.014806,0.013064,0.01086,0.0085035,0.0062704,0.0036557,0.0024352,0,0,0,0.0021491,0.0032262,0.0045496,0.0060273,0.0075011,0.0087697,0.0096316,0.012086,0.012858,0.013319,0.013528,0.015367,0,0
0.0027595,0.0038915,0.0051554,0.006416,0.0075011,0.0082383,0.0084999,0.0082383,0.0075011,0.006416,0.0051554,0.0038915,0.0027595,0.0018382,0.0014771,0.0022173,0.0054872,0.0076858,0.010152,0.012647,0.014858,0.016461,0.017198,0.016941,0.015734,0.013774,0.011365,0.008837,0.0064739,0.0035433,0.0023603,0,0,0,0.0023603,0.0035433,0.0049968,0.0066197,0.0082383,0.0096316,0.010578,0.012752,0.013338,0.013523,0.013394,0.015185,0.015724,0.016331
0.0032262,0.0045496,0.0060273,0.0075011,0.0087697,0.0096316,0.0099373,0.0096316,0.0087697,0.0075011,0.0060273,0.0045496,0.0032262,0.0021491,0.0018382,0.0027595,0.0060406,0.0083816,0.010966,0.013528,0.015739,0.01727,0.01787,0.017438,0.016048,0.013925,0.011393,0.0087868,0.0063879,0.0032262,0.0021491,0,0,0,0.0029619,0.0044464,0.0062704,0.0083069,0.010338,0.012086,0.013274,0.015173,0.015492,0.015213,0.014481,0.015823,0.015841,0.016063
0.0035433,0.0049968,0.0066197,0.0082383,0.0096316,0.010578,0.010914,0.010578,0.0096316,0.0082383,0.0066197,0.0049968,0.0035433,0.0023603,0.0021491,0.0032262,0.0063879,0.0087868,0.011393,0.013925,0.016048,0.017438,0.01787,0.01727,0.015739,0.013528,0.010966,0.0083816,0.0060406,0.0027595,0.0018382,0,0,0,0.0031509,0.0047301,0.0066705,0.008837,0.010998,0.012858,0.014122,0.015685,0.015795,0.015218,0.014125,0.015164,0.014876,0.014882
0.0044464,0.0056821,0.0068298,0.0084999,0.0099373,0.010914,0.01126,0.010914,0.0099373,0.0084999,0.0068298,0.0051554,0.0036557,0.0024352,0.0023603,0.0035433,0.0064739,0.008837,0.011365,0.013774,0.015734,0.016941,0.017198,0.016461,0.014858,0.012647,0.010152,0.0076858,0.0054872,0.0022173,0.0014771,0,0,0,0.003264,0.0048999,0.00691,0.0091542,0.011393,0.013319,0.014628,0.015883,0.015815,0.014993,0.01361,0.014274,0.013679,0.01344
0.0047301,0.0063141,0.0074103,0.0093533,0.011109,0.012416,0.013063,0.012939,0.012067,0.010599,0.0087688,0.006835,0.0050203,0.0034753,0.0032259,0.0041824,0.0062704,0.0085035,0.011387,0.013855,0.01592,0.017287,0.017749,0.017242,0.015857,0.013815,0.011407,0.0089318,0.0066338,0.0031508,0.0022299,0.00079061,0.00052666,0,0.0033153,0.0049768,0.0070184,0.0092979,0.011571,0.013528,0.014858,0.016383,0.016439,0.015758,0.014526,0.015123,0.014543,0.014247
0.0048999,0.0064552,0.0072141,0.0091748,0.010987,0.012391,0.013164,0.013175,0.012425,0.011044,0.0092535,0.0073091,0.0054435,0.0038228,0.0035472,0.0043339,0.0057874,0.0078065,0.010703,0.013036,0.015011,0.016358,0.016881,0.016514,0.015325,0.013502,0.0113,0.0089868,0.0067935,0.0034042,0.0024643,0.0011868,0.00079061,0,0.0033153,0.0049768,0.0070184,0.0092979,0.011571,0.013528,0.014858,0.01612,0.016045,0.015202,0.013789,0.013896,0.013004,0.012412
0.006815,0.0086326,0.0091895,0.011212,0.012988,0.014279,0.014888,0.014712,0.013771,0.012203,0.010232,0.007783,0.0058864,0.0041985,0.0038228,0.0043411,0.0050763,0.0068179,0.009731,0.01192,0.01383,0.015213,0.015883,0.015755,0.014858,0.013332,0.011385,0.0092529,0.0071556,0.0039175,0.002887,0.0016737,0.0011149,0,0.003264,0.0048999,0.00691,0.0091542,0.011393,0.013319,0.014628,0.016208,0.016302,0.01568,0.01452,0.014523,0.013677,0.013024
0.0077363,0.0096684,0.0099031,0.011938,0.013713,0.015001,0.015617,0.015457,0.014531,0.012962,0.01096,0.0082823,0.0063598,0.004604,0.0040555,0.0042366,0.0038915,0.0056821,0.0086837,0.010833,0.012842,0.014481,0.015543,0.015889,0.015471,0.014346,0.01266,0.010625,0.0084707,0.0052574,0.0039175,0.002744,0.0014771,0,0.0031509,0.0047301,0.0066705,0.008837,0.010998,0.012858,0.014122,0.016047,0.016339,0.015985,0.01514,0.015107,0.014372,0.01371
0.0087914,0.010897,0.010883,0.012938,0.014702,0.015962,0.016548,0.016889,0.0162,0.014919,0.01322,0.010615,0.0089782,0.0073668,0.0066718,0.0064159,0.005276,0.0067713,0.0096575,0.011575,0.013519,0.015271,0.016262,0.017072,0.01705,0.016186,0.014591,0.012478,0.01011,0.0068291,0.0050784,0.0040768,0.0026288,0.0011149,0.004439,0.0062846,0.0084195,0.010667,0.012773,0.014447,0.015423,0.017372,0.017511,0.017093,0.016284,0.01604,0.014958,0.014358
0.0098855,0.01221,0.012063,0.014139,0.015873,0.017072,0.017581,0.018108,0.017477,0.016282,0.014681,0.011934,0.01044,0.0088835,0.0079969,0.0073661,0.0055865,0.0070014,0.0099317,0.01181,0.01386,0.015865,0.017048,0.018316,0.018679,0.018061,0.016542,0.014335,0.011743,0.0083876,0.0062234,0.0051317,0.0033359,0.0016737,0.0045776,0.0063028,0.008223,0.010163,0.011894,0.013175,0.013804,0.015823,0.016022,0.015855,0.015452,0.015438,0.014557,0.01429
