0.0051554,0.0041425,0.0049651,0.0049768,0.0068456,0.0073727,0.0095429,0.012434,0.014581,0.016201,0.017075,0.01709,0.016262,0.014726,0.012703,0.010445,0.0081913,0.0049768,0.0036944,0.0016737,0.0019775,0.0019775,0.004109,0.0058731,0.0079149,0.010056,0.012043,0.013593,0.014457,0.014487,0.013674,0.014304,0.0134,0.013357,0.01316,0.012831,0.013422,0.012391,0.013164,0.013175,0.013902,0.013262,0.01238,0.011452,0.010599,0.0098501,0.0078065,0.0076204
0.0078931,0.0069936,0.0081897,0.008346,0.0099381,0.010061,0.012011,0.01485,0.016674,0.017962,0.018546,0.018343,0.017048,0.015574,0.013597,0.011877,0.0098497,0.0066802,0.0057189,0.0041985,0.0043495,0.0047925,0.0067011,0.0084956,0.010461,0.012445,0.014225,0.015542,0.016164,0.01595,0.014566,0.015307,0.014374,0.014049,0.013724,0.013423,0.013469,0.012416,0.013063,0.012939,0.013182,0.012272,0.011129,0.009962,0.0089118,0.0080249,0.0057874,0.0056821
0.0097184,0.0087868,0.010136,0.010313,0.011592,0.01135,0.013138,0.016085,0.017772,0.018941,0.019451,0.019233,0.017809,0.016466,0.014586,0.013171,0.011248,0.008016,0.0071504,0.0058864,0.0054435,0.0058109,0.0069917,0.0084432,0.0099931,0.011546,0.012945,0.013987,0.014474,0.014271,0.012858,0.013964,0.013374,0.012856,0.012566,0.012517,0.012086,0.010914,0.01126,0.010914,0.010728,0.0096867,0.0085035,0.0073727,0.0064152,0.0056614,0.0035433,0.0036557
0.011365,0.010511,0.011982,0.012196,0.013198,0.012617,0.014164,0.017144,0.018639,0.019661,0.020103,0.019904,0.018361,0.017217,0.015494,0.014486,0.012725,0.009567,0.008809,0.007783,0.0073091,0.00795,0.0086674,0.010117,0.011568,0.012938,0.014093,0.014858,0.015067,0.014612,0.012788,0.013753,0.013086,0.012513,0.012185,0.012113,0.01147,0.010578,0.010914,0.010578,0.010158,0.009029,0.0077346,0.0064739,0.0053815,0.0045094,0.0023603,0.0024352
0.012642,0.011985,0.013543,0.013819,0.014262,0.013239,0.014266,0.016936,0.017947,0.018591,0.018823,0.01861,0.017008,0.016251,0.014934,0.014652,0.013347,0.010628,0.01017,0.0097051,0.0092535,0.010246,0.010524,0.011964,0.013297,0.014453,0.015325,0.015774,0.015667,0.014927,0.012647,0.013332,0.012524,0.011819,0.011372,0.011195,0.010247,0.0096316,0.0099373,0.0096316,0.0087697,0.0075011,0.0060273,0.0045496,0.0032262,0.0021491,0,0
0.013394,0.013036,0.014647,0.015008,0.01541,0.014266,0.015002,0.017546,0.01833,0.018826,0.019011,0.018846,0.017133,0.016606,0.015464,0.015643,0.01454,0.01213,0.011775,0.011413,0.011044,0.012437,0.012374,0.013804,0.015017,0.015959,0.016548,0.01668,0.016256,0.015232,0.012498,0.012804,0.011806,0.01091,0.010275,0.009928,0.008616,0.0082383,0.0084999,0.0082383,0.0075011,0.006416,0.0051554,0.0038915,0.0027595,0.0018382,0,0
0.013528,0.013528,0.015158,0.015617,0.015978,0.014787,0.015186,0.017437,0.017921,0.018205,0.018294,0.01815,0.016353,0.016069,0.015152,0.015823,0.015002,0.013049,0.012857,0.012657,0.012425,0.014216,0.013954,0.015368,0.016471,0.01722,0.017556,0.017407,0.016707,0.015436,0.012313,0.012204,0.011004,0.0098939,0.0090424,0.0084914,0.0068179,0.0066197,0.0068298,0.0066197,0.0060273,0.0051554,0.0041425,0.0031269,0.0022173,0.0014771,0,0
0.013036,0.013394,0.015,0.015555,0.015879,0.014721,0.014787,0.016626,0.016783,0.016823,0.016783,0.016626,0.014787,0.014721,0.014041,0.015156,0.014652,0.013235,0.013239,0.013235,0.013175,0.015299,0.014984,0.016366,0.017366,0.017954,0.01809,0.017724,0.016818,0.015374,0.011992,0.011502,0.010132,0.0088342,0.0077851,0.0070425,0.0050763,0.0049968,0.0051554,0.0049968,0.0045496,0.0038915,0.0031269,0.0023603,0.0016737,0.0011149,0,0
0.011985,0.012642,0.014179,0.014805,0.015098,0.014041,0.013829,0.015199,0.015053,0.01486,0.01468,0.014486,0.012661,0.012759,0.012298,0.013741,0.01354,0.012657,0.012857,0.013049,0.013164,0.015498,0.014916,0.016069,0.016767,0.017,0.016767,0.016069,0.014916,0.013349,0.0099373,0.0092905,0.0080167,0.0068291,0.0058731,0.0051947,0.0032262,0.0035433,0.0036557,0.0035433,0.0032262,0.0027595,0.0022173,0.0016737,0.0011868,0.00079061,0,0
0.010511,0.011365,0.012783,0.013439,0.013703,0.012796,0.012391,0.013303,0.012922,0.012544,0.012242,0.012003,0.010261,0.010456,0.010174,0.011786,0.011835,0.011413,0.011775,0.01213,0.012918,0.015567,0.015572,0.017052,0.01809,0.018626,0.018612,0.01801,0.016818,0.015088,0.01147,0.010242,0.0085252,0.0069024,0.005547,0.0041985,0.0021491,0.0023603,0.0024352,0.0023603,0.0021491,0.0018382,0.0014771,0.0011149,0.00079061,0.00052666,0,0
0.0087868,0.0097184,0.01097,0.011609,0.011843,0.011109,0.010608,0.011127,0.010605,0.010112,0.009729,0.0094536,0.0078655,0.0080967,0.0079448,0.0095594,0.0097801,0.0097051,0.01017,0.010628,0.011778,0.014445,0.014837,0.016399,0.017556,0.018228,0.01834,0.017837,0.016707,0.015007,0.011529,0.0097184,0.007701,0.0057365,0.0040168,0.0021491,0,0,0,0,0,0,0,0,0,0,0,0
0.0069936,0.0078931,0.008616,0.009029,0.0090265,0.0082383,0.0075011,0.007531,0.0068291,0.0062518,0.0058864,0.0057297,0.0045496,0.0049968,0.0051554,0.006835,0.0073091,0.007783,0.0082823,0.0087764,0.01029,0.012865,0.01362,0.015257,0.016548,0.017382,0.017653,0.017285,0.016256,0.014626,0.011393,0.0095429,0.0075157,0.0055652,0.0038744,0.0018382,0,0,0,0,0,0,0,0,0,0,0,0
0.0041425,0.0051554,0.0060273,0.0066197,0.0068298,0.0066197,0.0060273,0.005946,0.0053293,0.0048006,0.0044346,0.0042366,0.0032262,0.0035433,0.0036557,0.0050203,0.0054435,0.0058864,0.0063598,0.0068291,0.0086912,0.011105,0.012174,0.013889,0.015325,0.016338,0.016789,0.016576,0.015667,0.014124,0.011183,0.0092979,0.0072694,0.0053442,0.0036944,0.0014771,0,0,0,0,0,0,0,0,0,0,0,0
0.0031269,0.0038915,0.0045496,0.0049968,0.0051554,0.0049968,0.0045496,0.0044182,0.0039175,0.0034753,0.0031508,0.0029532,0.0021491,0.0023603,0.0024352,0.0034753,0.0038228,0.0041985,0.004604,0.0050065,0.0071785,0.0093979,0.010721,0.012513,0.014093,0.015284,0.015915,0.015857,0.015067,0.013613,0.010966,0.0090469,0.0070184,0.0051198,0.0035119,0.0011149,0,0,0,0,0,0,0,0,0,0,0,0
0.0022173,0.0027595,0.0032262,0.0035433,0.0036557,0.0035433,0.0032262,0.0027595,0.0022173,0.0016737,0.0011868,0.00079061,0,0,0,0.00079061,0.0011868,0.0016737,0.0022173,0.0027595,0.0053753,0.0075601,0.0093922,0.011244,0.012945,0.014289,0.015075,0.015154,0.014474,0.013104,0.010727,0.0087868,0.006767,0.0048999,0.0033359,0.00079061,0,0,0,0,0,0,0,0,0,0,0,0
0.0014771,0.0018382,0.0021491,0.0023603,0.0024352,0.0023603,0.0021491,0.0018382,0.0014771,0.0011149,0.00079061,0.00052666,0,0,0,0.00052666,0.00079061,0.0011149,0.0014771,0.0018382,0.0045094,0.0064303,0.0082227,0.010095,0.011864,0.013308,0.014204,0.014389,0.013804,0.012519,0.010387,0.0084579,0.0064739,0.0046582,0.0031509,0.00052666,0,0,0,0,0,0,0,0,0,0,0,0
0,0,0,0,0,0,0,0,0,0,0,0,0,0,0,0,0,0,0,0,0.0024352,0.0036557,0.0051554,0.0068298,0.0084999,0.0099373,0.010914,0.01126,0.010914,0.0099373,0.0084999,0.0068298,0.0051554,0.0036557,0.0024352,0,0,0,0,0,0,0,0,0,0,0,0,0
0,0,0,0,0,0,0,0,0,0,0,0,0,0,0,0,0,0,0,0,0.0023603,0.0035433,0.0049968,0.0066197,0.0082383,0.0096316,0.010578,0.010914,0.010578,0.0096316,0.0082383,0.0066197,0.0049968,0.0035433,0.0023603,0,0,0,0,0,0,0,0,0,0,0,0,0
0,0,0,0,0,0,0,0,0,0,0,0,0,0,0,0,0,0,0,0,0.0021491,0.0032262,0.0045496,0.0060273,0.0075011,0.0087697,0.0096316,0.0099373,0.0096316,0.0087697,0.0075011,0.0060273,0.0045496,0.0032262,0.0021491,0,0,0,0,0,0,0,0,0,0,0,0,0
0,0,0,0,0,0,0,0,0,0,0,0,0,0,0,0,0,0,0,0,0.0018382,0.0027595,0.0038915,0.0051554,0.006416,0.0075011,0.0082383,0.0084999,0.0082383,0.0075011,0.006416,0.0051554,0.0038915,0.0027595,0.0018382,0,0,0,0,0,0,0,0,0,0,0,0,0
0,0,0,0,0,0,0,0,0,0,0,0,0,0,0,0,0,0,0,0,0.0014771,0.0022173,0.0031269,0.0041425,0.0051554,0.0060273,0.0066197,0.0068298,0.0066197,0.0060273,0.0051554,0.0041425,0.0031269,0.0022173,0.0014771,0,0,0,0,0,0,0,0,0,0,0,0,0
0,0,0,0,0,0,0,0,0,0,0,0,0,0,0,0,0,0,0,0,0.0011149,0.0016737,0.0023603,0.0031269,0.0038915,0.0045496,0.0049968,0.0051554,0.0049968,0.0045496,0.0038915,0.0031269,0.0023603,0.0016737,0.0011149,0,0,0,0,0,0,0,0,0,0,0,0,0
0,0,0,0,0,0,0,0,0,0,0,0,0,0,0,0,0,0,0,0,0.00079061,0.0011868,0.0016737,0.0022173,0.0027595,0.0032262,0.0035433,0.0036557,0.0035433,0.0032262,0.0027595,0.0022173,0.0016737,0.0011868,0.00079061,0,0,0,0,0,0,0,0,0,0,0,0,0
0,0,0,0,0,0,0,0,0,0,0,0,0,0,0,0,0,0,0,0,0.00052666,0.00079061,0.0011149,0.0014771,0.0018382,0.0021491,0.0023603,0.0024352,0.0023603,0.0021491,0.0018382,0.0014771,0.0011149,0.00079061,0.00052666,0,0,0,0,0,0,0,0,0,0,0,0,0
0,0,0,0,0,0,0,0,0,0,0,0,0,0,0,0,0,0,0,0,0,0,0,0,0,0,0,0,0,0,0,0,0,0,0,0,0,0,0,0,0,0,0,0,0,0,0,0
0,0,0,0,0,0,0,0,0,0,0,0,0,0,0.00052666,0.00079061,0.0011149,0.0014771,0.0018382,0.0021491,0.0023603,0.0024352,0.0023603,0.0021491,0.0018382,0.0014771,0.0011149,0.00079061,0.00052666,0,0,0,0,0,0,0,0,0,0,0,0,0,0,0,0,0,0,0
0,0,0,0,0,0,0,0,0,0,0,0,0,0,0.00079061,0.0011868,0.0016737,0.0022173,0.0027595,0.0032262,0.0035433,0.0036557,0.0035433,0.0032262,0.0027595,0.0022173,0.0016737,0.0011868,0.00079061,0,0,0,0,0,0,0,0,0,0,0,0,0,0,0,0,0,0,0
0,0,0,0,0,0,0,0,0,0,0,0,0,0,0.0011149,0.0016737,0.0023603,0.0031269,0.0038915,0.0045496,0.0049968,0.0051554,0.0049968,0.0045496,0.0038915,0.0031269,0.0023603,0.0016737,0.0011149,0,0,0,0,0,0,0,0,0,0,0,0,0,0,0,0,0,0,0
0,0,0,0,0,0,0,0,0,0,0,0,0,0,0.0014771,0.0022173,0.0031269,0.0041425,0.0051554,0.0060273,0.0066197,0.0068298,0.0066197,0.0060273,0.0051554,0.0041425,0.0031269,0.0022173,0.0014771,0,0,0,0,0,0,0,0,0,0,0,0,0,0,0,0,0,0,0
0,0,0,0,0,0,0,0,0,0,0,0,0,0,0.0018382,0.0027595,0.0038915,0.0051554,0.006416,0.0075011,0.0082383,0.0084999,0.0082383,0.0075011,0.006416,0.0051554,0.0038915,0.0027595,0.0018382,0,0,0,0,0,0,0,0,0,0,0,0,0,0,0,0,0,0,0
0,0,0,0,0,0,0,0,0,0,0,0,0,0,0.0021491,0.0032262,0.0045496,0.0060273,0.0075011,0.0087697,0.0096316,0.0099373,0.0096316,0.0087697,0.0075011,0.0060273,0.0045496,0.0032262,0.0021491,0,0,0,0,0,0,0,0,0,0,0,0,0,0,0,0,0,0,0
0,0,0,0,0,0,0,0,0,0,0,0,0,0,0.0023603,0.0035433,0.0049968,0.0066197,0.0082383,0.0096316,0.010578,0.010914,0.010578,0.0096316,0.0082383,0.0066197,0.0049968,0.0035433,0.0023603,0,0,0,0,0,0,0,0,0,0,0,0,0,0,0,0,0,0,0
